SNP,effect_allele.exposure,other_allele.exposure,effect_allele.outcome,other_allele.outcome,beta.exposure,beta.outcome,eaf.exposure,eaf.outcome,remove,palindromic,ambiguous,id.outcome,chr.outcome,pos.outcome,se.outcome,z.outcome,pval.outcome,samplesize.outcome,outcome,mr_keep.outcome,pval_origin.outcome,chr.exposure,pos.exposure,se.exposure,z.exposure,pval.exposure,samplesize.exposure,exposure,mr_keep.exposure,pval_origin.exposure,id.exposure,action,mr_keep,pt,pleitropy_keep
rs10027654,T,C,T,C,0.1212,2e-4,0.2553,0.2538,FALSE,FALSE,FALSE,CdK0em,4,124678583,9e-4,0.22222222222222224,0.8314,32872,Grasby2020thickness,TRUE,reported,4,124678583,0.0236,5.135593220338984,2.714e-7,735152,Evangelou2018pp,TRUE,reported,co86tk,2,TRUE,5e-6,TRUE
rs10052777,C,T,C,T,0.2457,-0.0011,0.3931,0.3975,FALSE,FALSE,FALSE,CdK0em,5,158269081,8e-4,-1.375,0.1375,32764,Grasby2020thickness,TRUE,reported,5,158269081,0.021,11.7,1.703e-31,726890,Evangelou2018pp,TRUE,reported,co86tk,2,TRUE,5e-6,TRUE
rs10076149,G,C,G,C,-0.1788,-0.0021,0.4644,0.4621,FALSE,TRUE,TRUE,CdK0em,5,77867941,8e-4,-2.625,0.005221,32872,Grasby2020thickness,TRUE,reported,5,77874854,0.0205,-8.72195,2.8889999999999998e-18,738170,Evangelou2018pp,TRUE,reported,co86tk,2,FALSE,5e-6,TRUE
rs10076730,C,T,C,T,-0.2217,-7e-4,0.3749,0.3763,FALSE,FALSE,FALSE,CdK0em,5,157816992,8e-4,-0.875,0.3782,32404,Grasby2020thickness,TRUE,reported,5,157816992,0.0211,-10.5071,8.019e-26,735152,Evangelou2018pp,TRUE,reported,co86tk,2,TRUE,5e-6,TRUE
rs10090869,C,T,C,T,0.1455,-4e-4,0.8238,0.8155,FALSE,FALSE,FALSE,CdK0em,8,122395956,0.001,-0.4,0.6712,32872,Grasby2020thickness,TRUE,reported,8,122395956,0.0268,5.4291,5.375e-8,729451,Evangelou2018pp,TRUE,reported,co86tk,2,TRUE,5e-6,TRUE
rs10195178,T,G,T,G,0.1013,-3e-4,0.4539,0.4543,FALSE,FALSE,FALSE,CdK0em,2,227199263,8e-4,-0.37499999999999994,0.6966,31514,Grasby2020thickness,TRUE,reported,2,227199263,0.0207,4.893719806763285,1.034e-6,737165,Evangelou2018pp,TRUE,reported,co86tk,2,TRUE,5e-6,TRUE
rs10261098,T,C,T,C,0.168,9e-4,0.1542,0.156,FALSE,FALSE,FALSE,CdK0em,7,155527704,0.001,0.8999999999999999,0.4112,32872,Grasby2020thickness,TRUE,reported,7,155527704,0.0285,5.894736842105264,3.953999999999999e-9,738168,Evangelou2018pp,TRUE,reported,co86tk,2,TRUE,5e-6,TRUE
rs10274367,C,T,C,T,-0.1121,0.0011,0.3467,0.3407,FALSE,FALSE,FALSE,CdK0em,7,1117436,8e-4,1.375,0.14,32872,Grasby2020thickness,TRUE,reported,7,1117436,0.0216,-5.18981,2.1989999999999998e-7,736057,Evangelou2018pp,TRUE,reported,co86tk,2,TRUE,5e-6,TRUE
rs10305838,C,T,C,T,0.2542,0,0.1408,0.142,FALSE,FALSE,FALSE,CdK0em,4,148400256,0.0011,0,0.9738,32512,Grasby2020thickness,TRUE,reported,4,148400256,0.0293,8.67577,4.647e-18,738170,Evangelou2018pp,TRUE,reported,co86tk,2,TRUE,5e-6,TRUE
rs10429910,C,A,C,A,0.1465,0.0019,0.1644,0.1659,FALSE,FALSE,FALSE,CdK0em,1,197141253,0.0012,1.58333,0.1256,29554,Grasby2020thickness,TRUE,reported,1,197141253,0.0297,4.93266,8.306e-7,734548,Evangelou2018pp,TRUE,reported,co86tk,2,TRUE,5e-6,TRUE
rs10433615,T,C,T,C,0.1655,-0.0025,0.3935,0.4017,FALSE,FALSE,FALSE,CdK0em,3,52638482,8e-4,-3.125,0.001338,32872,Grasby2020thickness,TRUE,reported,3,52638482,0.021,7.8809523809523805,3.401e-15,737165,Evangelou2018pp,TRUE,reported,co86tk,2,TRUE,5e-6,TRUE
rs1047922,C,T,C,T,0.2121,-6e-4,0.1516,0.1497,FALSE,FALSE,FALSE,CdK0em,18,74070562,0.0012,-0.5,0.6016,28395,Grasby2020thickness,TRUE,reported,18,74070562,0.0297,7.14141,9.702e-13,741083,Evangelou2018pp,TRUE,reported,co86tk,2,TRUE,5e-6,TRUE
rs10497529,A,G,A,G,-0.4509,-0.0021,0.0352,0.036,FALSE,FALSE,FALSE,CdK0em,2,179839888,0.0021,-1,0.3279,32872,Grasby2020thickness,TRUE,reported,2,179839888,0.0575,-7.8417391304347825,4.674e-15,738168,Evangelou2018pp,TRUE,reported,co86tk,2,TRUE,5e-6,TRUE
rs1061651,C,T,C,T,-0.1304,7e-4,0.2648,0.2608,FALSE,FALSE,FALSE,CdK0em,12,115108361,0.001,0.7,0.4367,29784,Grasby2020thickness,TRUE,reported,12,115108361,0.0239,-5.45607,4.9480000000000004e-8,736029,Evangelou2018pp,TRUE,reported,co86tk,2,TRUE,5e-6,TRUE
rs10736585,T,C,T,C,0.1945,-0.0018,0.6645,0.6614,FALSE,FALSE,FALSE,CdK0em,11,130465785,8e-4,-2.25,0.02325,32872,Grasby2020thickness,TRUE,reported,11,130465785,0.0217,8.963133640552995,2.822e-19,737054,Evangelou2018pp,TRUE,reported,co86tk,2,TRUE,5e-6,TRUE
rs10766533,A,T,A,T,0.1255,-6e-4,0.7115,0.7144,FALSE,TRUE,FALSE,CdK0em,11,19224677,9e-4,-0.6666666666666666,0.4578,32249,Grasby2020thickness,TRUE,reported,11,19224677,0.0229,5.4803493449781655,4.0710000000000005e-8,734292,Evangelou2018pp,TRUE,reported,co86tk,2,TRUE,5e-6,TRUE
rs10770612,G,A,G,A,-0.3421,3e-4,0.2025,0.2028,FALSE,FALSE,FALSE,CdK0em,12,20230639,0.001,0.3,0.7728,30713,Grasby2020thickness,TRUE,reported,12,20230639,0.0259,-13.2085,5.787999999999999e-40,744814,Evangelou2018pp,TRUE,reported,co86tk,2,TRUE,5e-6,TRUE
rs10776752,T,G,T,G,0.3735,0.0032,0.0801,0.0796,FALSE,FALSE,FALSE,CdK0em,1,113044328,0.0014,2.285714285714286,0.027489999999999997,32872,Grasby2020thickness,TRUE,reported,1,113044328,0.0392,9.528061224489797,1.5079999999999999e-21,738168,Evangelou2018pp,TRUE,reported,co86tk,2,TRUE,5e-6,TRUE
rs10787515,C,T,C,T,0.1354,1e-4,0.4785,0.4768,FALSE,FALSE,FALSE,CdK0em,10,115790005,8e-4,0.125,0.9427,32872,Grasby2020thickness,TRUE,reported,10,115790005,0.0206,6.57282,4.729e-11,738170,Evangelou2018pp,TRUE,reported,co86tk,2,TRUE,5e-6,TRUE
rs10814234,G,C,G,C,-0.1698,7e-4,0.1151,0.1143,FALSE,TRUE,FALSE,CdK0em,9,35405543,0.0012,0.583333,0.6013,32872,Grasby2020thickness,TRUE,reported,9,35405543,0.0326,-5.20859,1.836e-7,745818,Evangelou2018pp,TRUE,reported,co86tk,2,TRUE,5e-6,TRUE
rs10832778,G,C,G,C,-0.2211,6e-4,0.6191,0.6142,FALSE,TRUE,FALSE,CdK0em,11,17394073,8e-4,0.75,0.4302,32512,Grasby2020thickness,TRUE,reported,11,17394073,0.0212,-10.4292,1.4050000000000002e-25,727849,Evangelou2018pp,TRUE,reported,co86tk,2,TRUE,5e-6,TRUE
rs10850395,C,G,C,G,-0.1112,-4e-4,0.2626,0.2593,FALSE,TRUE,FALSE,CdK0em,12,115339289,9e-4,-0.4444444444444445,0.6155,32872,Grasby2020thickness,TRUE,reported,12,115339289,0.0237,-4.691983122362869,2.7239999999999997e-6,745820,Evangelou2018pp,TRUE,reported,co86tk,2,TRUE,5e-6,TRUE
rs10857147,T,A,T,A,0.3582,3e-4,0.283,0.2844,FALSE,TRUE,FALSE,CdK0em,4,81181072,8e-4,0.375,0.7284,32872,Grasby2020thickness,TRUE,reported,4,81181072,0.0232,15.4397,8.016e-54,735104,Evangelou2018pp,TRUE,reported,co86tk,2,TRUE,5e-6,TRUE
rs10868561,A,G,A,G,0.0991,-5e-4,0.3952,0.3895,FALSE,FALSE,FALSE,CdK0em,9,89956566,8e-4,-0.625,0.4772,32512,Grasby2020thickness,TRUE,reported,9,89956566,0.0209,4.741626794258373,2.09e-6,745819,Evangelou2018pp,TRUE,reported,co86tk,2,TRUE,5e-6,TRUE
rs10868825,A,T,A,T,0.1164,2e-4,0.3406,0.3457,FALSE,TRUE,FALSE,CdK0em,9,73031065,8e-4,0.25,0.8197,32872,Grasby2020thickness,TRUE,reported,9,73031065,0.0217,5.364055299539171,8.484e-8,744814,Evangelou2018pp,TRUE,reported,co86tk,2,TRUE,5e-6,TRUE
rs10885409,C,T,C,T,0.1879,0.0015,0.4675,0.4604,FALSE,FALSE,FALSE,CdK0em,10,114808072,8e-4,1.875,0.05202999999999999,32872,Grasby2020thickness,TRUE,reported,10,114808072,0.0205,9.16585,5.1689999999999996e-20,735106,Evangelou2018pp,TRUE,reported,co86tk,2,TRUE,5e-6,TRUE
rs10887914,C,T,C,T,-0.1461,-9e-4,0.5373,0.5303,FALSE,FALSE,FALSE,CdK0em,10,82215288,8e-4,-1.125,0.2474,32872,Grasby2020thickness,TRUE,reported,10,82215288,0.0205,-7.12683,1.134e-12,737163,Evangelou2018pp,TRUE,reported,co86tk,2,TRUE,5e-6,TRUE
rs10890706,C,T,C,T,0.1622,-2e-4,0.3163,0.3134,FALSE,FALSE,FALSE,CdK0em,11,107186540,8e-4,-0.25,0.8275,32872,Grasby2020thickness,TRUE,reported,11,107186540,0.0223,7.27354,3.357e-13,737165,Evangelou2018pp,TRUE,reported,co86tk,2,TRUE,5e-6,TRUE
rs10914057,C,T,C,T,-0.1155,1e-4,0.3998,0.3966,FALSE,FALSE,FALSE,CdK0em,1,180597408,8e-4,0.125,0.9478,32512,Grasby2020thickness,TRUE,reported,1,180597408,0.0209,-5.52632,3.494e-8,737164,Evangelou2018pp,TRUE,reported,co86tk,2,TRUE,5e-6,TRUE
rs1091811,G,A,G,A,0.1745,3e-4,0.8313,0.8339,FALSE,FALSE,FALSE,CdK0em,7,73491212,0.0011,0.272727,0.7559,31365,Grasby2020thickness,TRUE,reported,7,73491212,0.0275,6.34545,2.275e-10,735051,Evangelou2018pp,TRUE,reported,co86tk,2,TRUE,5e-6,TRUE
rs10939913,C,G,C,G,-0.1299,-4e-4,0.2567,0.2597,FALSE,TRUE,FALSE,CdK0em,5,50592825,9e-4,-0.4444444444444445,0.6576,32872,Grasby2020thickness,TRUE,reported,5,50592825,0.0234,-5.55128205128205,2.9930000000000004e-8,738168,Evangelou2018pp,TRUE,reported,co86tk,2,TRUE,5e-6,TRUE
rs10941043,G,T,G,T,0.1272,-9e-4,0.29,0.2888,FALSE,FALSE,FALSE,CdK0em,5,33194751,8e-4,-1.125,0.2967,32512,Grasby2020thickness,TRUE,reported,5,33194751,0.0225,5.65333,1.65e-8,738168,Evangelou2018pp,TRUE,reported,co86tk,2,TRUE,5e-6,TRUE
rs10958683,G,C,G,C,0.1694,0.0019,0.2242,0.2245,FALSE,TRUE,FALSE,CdK0em,8,38274193,9e-4,2.11111,0.037489999999999996,32872,Grasby2020thickness,TRUE,reported,8,38274193,0.0248,6.83065,8.13e-12,738169,Evangelou2018pp,TRUE,reported,co86tk,2,TRUE,5e-6,TRUE
rs10988442,G,A,G,A,-0.1809,-2e-4,0.3801,0.384,FALSE,FALSE,FALSE,CdK0em,9,101739709,8e-4,-0.25,0.7793,32872,Grasby2020thickness,TRUE,reported,9,101739709,0.0212,-8.53302,1.3839999999999999e-17,737099,Evangelou2018pp,TRUE,reported,co86tk,2,TRUE,5e-6,TRUE
rs11010470,C,T,C,T,-0.1153,0.0012,0.5006,0.4992,FALSE,FALSE,FALSE,CdK0em,10,19863285,8e-4,1.5,0.1324,32872,Grasby2020thickness,TRUE,reported,10,19863285,0.0205,-5.62439,1.9730000000000002e-8,738170,Evangelou2018pp,TRUE,reported,co86tk,2,TRUE,5e-6,TRUE
rs11021221,A,T,A,T,0.1813,-9e-4,0.1664,0.1689,FALSE,TRUE,FALSE,CdK0em,11,95308854,0.001,-0.8999999999999999,0.3747,32872,Grasby2020thickness,TRUE,reported,11,95308854,0.0276,6.568840579710145,4.7889999999999996e-11,738167,Evangelou2018pp,TRUE,reported,co86tk,2,TRUE,5e-6,TRUE
rs11031051,C,A,C,A,0.172,-8e-4,0.3096,0.307,FALSE,FALSE,FALSE,CdK0em,11,30355707,8e-4,-1,0.3325,32872,Grasby2020thickness,TRUE,reported,11,30355707,0.0222,7.74775,1.036e-14,738170,Evangelou2018pp,TRUE,reported,co86tk,2,TRUE,5e-6,TRUE
rs11037808,C,T,C,T,-0.1366,0.0011,0.3052,0.3007,FALSE,FALSE,FALSE,CdK0em,11,44041925,8e-4,1.375,0.2008,32872,Grasby2020thickness,TRUE,reported,11,44041925,0.0224,-6.09821,9.917999999999998e-10,728794,Evangelou2018pp,TRUE,reported,co86tk,2,TRUE,5e-6,TRUE
rs11052722,A,G,A,G,0.1127,-0.0014,0.5193,0.5372,FALSE,FALSE,FALSE,CdK0em,12,33626530,8e-4,-1.75,0.07382999999999999,32872,Grasby2020thickness,TRUE,reported,12,33626530,0.0206,5.470873786407767,4.7270000000000006e-8,728839,Evangelou2018pp,TRUE,reported,co86tk,2,TRUE,5e-6,TRUE
rs11065861,G,A,G,A,-0.1684,-5e-4,0.2158,0.2239,FALSE,FALSE,FALSE,CdK0em,12,111752211,9e-4,-0.555556,0.5573,32872,Grasby2020thickness,TRUE,reported,12,111752211,0.0249,-6.76305,1.371e-11,737100,Evangelou2018pp,TRUE,reported,co86tk,2,TRUE,5e-6,TRUE
rs11090501,A,G,A,G,0.1063,-0.0013,0.4806,0.4862,FALSE,FALSE,FALSE,CdK0em,22,28066905,8e-4,-1.6249999999999998,0.09321,32872,Grasby2020thickness,TRUE,reported,22,28066905,0.0206,5.160194174757282,2.3989999999999997e-7,744815,Evangelou2018pp,TRUE,reported,co86tk,2,TRUE,5e-6,TRUE
rs11100902,G,A,G,A,-0.1572,1e-4,0.5157,0.52,FALSE,FALSE,FALSE,CdK0em,4,146795226,8e-4,0.125,0.8956,32512,Grasby2020thickness,TRUE,reported,4,146795226,0.0207,-7.5942,3.212e-14,726433,Evangelou2018pp,TRUE,reported,co86tk,2,TRUE,5e-6,TRUE
rs111478946,A,G,A,G,-0.4623,-0.0016,0.1669,0.16,FALSE,FALSE,FALSE,CdK0em,12,90058842,0.001,-1.6,0.1147,32872,Grasby2020thickness,TRUE,reported,12,90058842,0.0276,-16.75,8.215999999999998e-63,745819,Evangelou2018pp,TRUE,reported,co86tk,2,TRUE,5e-6,TRUE
rs11154027,C,T,C,T,-0.1439,0,0.539,0.5469,FALSE,FALSE,FALSE,CdK0em,6,121781390,8e-4,0,0.9925,32603,Grasby2020thickness,TRUE,reported,6,121781390,0.0208,-6.91827,4.4740000000000005e-12,737164,Evangelou2018pp,TRUE,reported,co86tk,2,TRUE,5e-6,TRUE
rs11162906,C,A,C,A,-0.1027,-0.0018,0.3466,0.3457,FALSE,FALSE,FALSE,CdK0em,1,80500074,8e-4,-2.25,0.0191,32872,Grasby2020thickness,TRUE,reported,1,80500074,0.0215,-4.77674,1.781e-6,738169,Evangelou2018pp,TRUE,reported,co86tk,2,TRUE,5e-6,TRUE
rs11177371,T,A,T,A,-0.1045,0.0017,0.4043,0.4047,FALSE,TRUE,FALSE,CdK0em,12,69177690,8e-4,2.125,0.03165,32872,Grasby2020thickness,TRUE,reported,12,69177690,0.0208,-5.02404,5.019e-7,745820,Evangelou2018pp,TRUE,reported,co86tk,2,TRUE,5e-6,TRUE
rs11187998,A,G,A,G,-0.1403,0,0.4352,0.4371,FALSE,FALSE,FALSE,CdK0em,10,96278395,8e-4,0,0.9728,32872,Grasby2020thickness,TRUE,reported,10,96278395,0.0206,-6.810679611650485,1.0550000000000002e-11,737164,Evangelou2018pp,TRUE,reported,co86tk,2,TRUE,5e-6,TRUE
rs11190709,A,G,A,G,0.337,-1e-4,0.8881,0.8837,FALSE,FALSE,FALSE,CdK0em,10,102552663,0.0012,-0.08333333333333334,0.9517,32850,Grasby2020thickness,TRUE,reported,10,102552663,0.0328,10.274390243902438,8.407000000000001e-25,737055,Evangelou2018pp,TRUE,reported,co86tk,2,TRUE,5e-6,TRUE
rs112005532,C,T,C,T,0.4967,-0.0012,0.0393,0.0449,FALSE,FALSE,FALSE,CdK0em,21,39957981,0.0025,-0.48,0.6393,20208,Grasby2020thickness,TRUE,reported,21,39957981,0.0574,8.65331,4.6989999999999994e-18,737793,Evangelou2018pp,TRUE,reported,co86tk,2,TRUE,5e-6,TRUE
rs11222084,T,A,T,A,0.4972,7e-4,0.3626,0.3575,FALSE,TRUE,FALSE,CdK0em,11,130273230,8e-4,0.875,0.3785,32872,Grasby2020thickness,TRUE,reported,11,130273230,0.0214,23.2336,5.189999999999999e-119,737164,Evangelou2018pp,TRUE,reported,co86tk,2,TRUE,5e-6,TRUE
rs1124000,A,G,A,G,0.1237,0.0018,0.3196,0.3257,FALSE,FALSE,FALSE,CdK0em,6,82214369,8e-4,2.25,0.01874,32872,Grasby2020thickness,TRUE,reported,6,82214369,0.022000000000000002,5.622727272727272,1.922e-8,730029,Evangelou2018pp,TRUE,reported,co86tk,2,TRUE,5e-6,TRUE
rs11248862,G,A,G,A,-0.2282,0.0011,0.875,0.8777,FALSE,FALSE,FALSE,CdK0em,16,1344291,0.0012,0.916667,0.3568,32392,Grasby2020thickness,TRUE,reported,16,1344291,0.0315,-7.24444,4.679e-13,742702,Evangelou2018pp,TRUE,reported,co86tk,2,TRUE,5e-6,TRUE
rs11257655,T,C,T,C,0.139,0.0018,0.2096,0.2051,FALSE,FALSE,FALSE,CdK0em,10,12307894,9e-4,2,0.05225,32872,Grasby2020thickness,TRUE,reported,10,12307894,0.0252,5.515873015873017,3.665e-8,738170,Evangelou2018pp,TRUE,reported,co86tk,2,TRUE,5e-6,TRUE
rs112913898,A,G,A,G,-0.5815,-0.0014,0.0821,0.0855,FALSE,FALSE,FALSE,CdK0em,10,104958900,0.0014,-1,0.3014,32872,Grasby2020thickness,TRUE,reported,10,104958900,0.0376,-15.465425531914894,5.676e-54,738168,Evangelou2018pp,TRUE,reported,co86tk,2,TRUE,5e-6,TRUE
rs112950248,G,A,G,A,0.2687,7e-4,0.0414,0.0441,FALSE,FALSE,FALSE,CdK0em,10,75525407,0.0021,0.333333,0.7328,32128,Grasby2020thickness,TRUE,reported,10,75525407,0.0548,4.90328,9.296e-7,731724,Evangelou2018pp,TRUE,reported,co86tk,2,TRUE,5e-6,TRUE
rs1133400,G,A,G,A,0.1609,0.0015,0.2143,0.2095,FALSE,FALSE,FALSE,CdK0em,10,134459388,0.001,1.5,0.1168,31621,Grasby2020thickness,TRUE,reported,10,134459388,0.0255,6.3098,2.9560000000000004e-10,722557,Evangelou2018pp,TRUE,reported,co86tk,2,TRUE,5e-6,TRUE
rs114697502,T,C,T,C,-0.3813,7e-4,0.0807,0.0808,FALSE,FALSE,FALSE,CdK0em,12,94677559,0.0014,0.5,0.6254,32872,Grasby2020thickness,TRUE,reported,12,94677559,0.0378,-10.087301587301587,5.831e-24,745817,Evangelou2018pp,TRUE,reported,co86tk,2,TRUE,5e-6,TRUE
rs11571376,G,C,G,C,0.1132,-0.0011,0.2939,0.2898,FALSE,TRUE,FALSE,CdK0em,12,1059556,8e-4,-1.375,0.1782,32320,Grasby2020thickness,TRUE,reported,12,1059556,0.0227,4.98678,5.797999999999999e-7,745818,Evangelou2018pp,TRUE,reported,co86tk,2,TRUE,5e-6,TRUE
rs11580654,A,G,A,G,-0.2087,0.0014,0.0957,0.0977,FALSE,FALSE,FALSE,CdK0em,1,228148103,0.0013,1.0769230769230769,0.275,32872,Grasby2020thickness,TRUE,reported,1,228148103,0.035,-5.962857142857143,2.5580000000000005e-9,738169,Evangelou2018pp,TRUE,reported,co86tk,2,TRUE,5e-6,TRUE
rs11585169,A,T,A,T,0.1557,0.0015,0.5775,0.5467,FALSE,TRUE,TRUE,CdK0em,1,150571730,8e-4,1.875,0.05301,32872,Grasby2020thickness,TRUE,reported,1,150572037,0.0209,7.4497607655502405,8.297999999999999e-14,728445,Evangelou2018pp,TRUE,reported,co86tk,2,FALSE,5e-6,TRUE
rs11585926,C,T,C,T,0.1102,0.0022,0.2485,0.2481,FALSE,FALSE,FALSE,CdK0em,1,114973690,9e-4,2.44444,0.009285999999999999,32872,Grasby2020thickness,TRUE,reported,1,114973690,0.0237,4.64979,3.4839999999999996e-6,729908,Evangelou2018pp,TRUE,reported,co86tk,2,TRUE,5e-6,TRUE
rs11603014,A,G,A,G,0.1733,4e-4,0.1967,0.1965,FALSE,FALSE,FALSE,CdK0em,11,130730825,9e-4,0.4444444444444445,0.6614,32872,Grasby2020thickness,TRUE,reported,11,130730825,0.0258,6.717054263565892,1.8910000000000002e-11,738170,Evangelou2018pp,TRUE,reported,co86tk,2,TRUE,5e-6,TRUE
rs11607056,T,C,T,C,-0.1829,-5e-4,0.3272,0.3209,FALSE,FALSE,FALSE,CdK0em,11,57496820,8e-4,-0.625,0.4846,32872,Grasby2020thickness,TRUE,reported,11,57496820,0.0218,-8.389908256880734,4.771e-17,738168,Evangelou2018pp,TRUE,reported,co86tk,2,TRUE,5e-6,TRUE
rs11609905,T,C,T,C,-0.1817,-6e-4,0.2748,0.272,FALSE,FALSE,FALSE,CdK0em,12,12656760,9e-4,-0.6666666666666666,0.4983,32872,Grasby2020thickness,TRUE,reported,12,12656760,0.0229,-7.934497816593886,2.273e-15,745817,Evangelou2018pp,TRUE,reported,co86tk,2,TRUE,5e-6,TRUE
rs11626434,C,G,C,G,-0.1345,0.001,0.3616,0.3632,FALSE,TRUE,FALSE,CdK0em,14,101998443,8e-4,1.25,0.1759,32015,Grasby2020thickness,TRUE,reported,14,101998443,0.0219,-6.141552511415526,7.868999999999999e-10,725821,Evangelou2018pp,TRUE,reported,co86tk,2,TRUE,5e-6,TRUE
rs11627326,C,G,C,G,0.1546,-2e-4,0.2871,0.2818,FALSE,TRUE,FALSE,CdK0em,14,85785251,8e-4,-0.25,0.7814,32872,Grasby2020thickness,TRUE,reported,14,85785251,0.0227,6.810572687224669,9.777999999999998e-12,744814,Evangelou2018pp,TRUE,reported,co86tk,2,TRUE,5e-6,TRUE
rs11629850,A,G,A,G,0.1177,2e-4,0.5288,0.5251,FALSE,FALSE,FALSE,CdK0em,15,40317075,8e-4,0.25,0.7507,32872,Grasby2020thickness,TRUE,reported,15,40317075,0.0205,5.741463414634146,9.651e-9,745820,Evangelou2018pp,TRUE,reported,co86tk,2,TRUE,5e-6,TRUE
rs11632112,G,C,G,C,0.1645,-2e-4,0.7598,0.7604,FALSE,TRUE,FALSE,CdK0em,15,93468276,9e-4,-0.222222,0.8149,32872,Grasby2020thickness,TRUE,reported,15,93468276,0.0241,6.82573,8.658e-12,743706,Evangelou2018pp,TRUE,reported,co86tk,2,TRUE,5e-6,TRUE
rs11634851,G,C,G,C,0.1857,-3e-4,0.4647,0.4597,FALSE,TRUE,TRUE,CdK0em,15,81019572,8e-4,-0.37499999999999994,0.7298,32872,Grasby2020thickness,TRUE,reported,15,81028965,0.0206,9.01456,1.6059999999999999e-19,737101,Evangelou2018pp,TRUE,reported,co86tk,2,FALSE,5e-6,TRUE
rs11637880,G,C,G,C,-0.1146,-7e-4,0.5818,0.5681,FALSE,TRUE,TRUE,CdK0em,15,90646939,8e-4,-0.875,0.3341,32680,Grasby2020thickness,TRUE,reported,15,90651882,0.021,-5.45714,4.5169999999999994e-8,734988,Evangelou2018pp,TRUE,reported,co86tk,2,FALSE,5e-6,TRUE
rs11656495,A,T,A,T,-0.1253,-3e-4,0.56,0.6067,FALSE,TRUE,TRUE,CdK0em,17,30694164,8e-4,-0.375,0.6909,32872,Grasby2020thickness,TRUE,reported,17,30694301,0.0219,-5.7214611872146115,1.0660000000000001e-08,744814,Evangelou2018pp,TRUE,reported,co86tk,2,FALSE,5e-6,TRUE
rs11656586,C,G,C,G,-0.1625,0.0013,0.1301,0.1308,FALSE,TRUE,FALSE,CdK0em,17,2080039,0.0012,1.0833333333333335,0.2866,32512,Grasby2020thickness,TRUE,reported,17,2080039,0.031,-5.241935483870968,1.532e-7,745820,Evangelou2018pp,TRUE,reported,co86tk,2,TRUE,5e-6,TRUE
rs116643984,A,C,A,C,-0.1535,6e-4,0.1626,0.1664,FALSE,FALSE,FALSE,CdK0em,15,101791212,0.001,0.6,0.5662,32872,Grasby2020thickness,TRUE,reported,15,101791212,0.0282,-5.443262411347518,5.14e-8,742700,Evangelou2018pp,TRUE,reported,co86tk,2,TRUE,5e-6,TRUE
rs11685352,A,G,A,G,-0.1715,-6e-4,0.1838,0.1894,FALSE,FALSE,FALSE,CdK0em,2,26830665,0.001,-0.6,0.5449,33089,Grasby2020thickness,TRUE,reported,2,26830665,0.0264,-6.496212121212122,8.804000000000001e-11,738170,Evangelou2018pp,TRUE,reported,co86tk,2,TRUE,5e-6,TRUE
rs11689667,C,T,C,T,-0.2029,2e-4,0.4556,0.4558,FALSE,FALSE,FALSE,CdK0em,2,85491365,8e-4,0.25,0.7955,32872,Grasby2020thickness,TRUE,reported,2,85491365,0.0206,-9.84951,7.362999999999999e-23,729908,Evangelou2018pp,TRUE,reported,co86tk,2,TRUE,5e-6,TRUE
rs11690961,C,A,C,A,-0.3036,-0.0029,0.1167,0.1177,FALSE,FALSE,FALSE,CdK0em,2,46363336,0.0012,-2.41667,0.015430000000000001,32441,Grasby2020thickness,TRUE,reported,2,46363336,0.0319,-9.51724,1.927e-21,737055,Evangelou2018pp,TRUE,reported,co86tk,2,TRUE,5e-6,TRUE
rs11692478,G,C,G,C,-0.1383,-2e-4,0.1444,0.1472,FALSE,TRUE,FALSE,CdK0em,2,121997330,0.0011,-0.181818,0.8765,32441,Grasby2020thickness,TRUE,reported,2,121997330,0.0293,-4.72014,2.417e-6,738168,Evangelou2018pp,TRUE,reported,co86tk,2,TRUE,5e-6,TRUE
rs117206641,T,C,T,C,0.1749,-0.0017,0.1109,0.115,FALSE,FALSE,FALSE,CdK0em,12,133086888,0.0013,-1.3076923076923077,0.1736,32764,Grasby2020thickness,TRUE,reported,12,133086888,0.0341,5.129032258064516,2.807e-7,725612,Evangelou2018pp,TRUE,reported,co86tk,2,TRUE,5e-6,TRUE
rs117557920,A,G,A,G,0.2363,0.002,0.1943,0.1953,FALSE,FALSE,FALSE,CdK0em,19,41078591,0.0011,1.8181818181818181,0.0535,32143,Grasby2020thickness,TRUE,reported,19,41078591,0.0275,8.592727272727274,8.985e-18,744811,Evangelou2018pp,TRUE,reported,co86tk,2,TRUE,5e-6,TRUE
rs11770163,C,G,C,G,0.1202,-5e-4,0.3344,0.3345,FALSE,TRUE,FALSE,CdK0em,7,116417848,8e-4,-0.625,0.5466,32872,Grasby2020thickness,TRUE,reported,7,116417848,0.0217,5.539170506912442,2.9130000000000003e-8,738170,Evangelou2018pp,TRUE,reported,co86tk,2,TRUE,5e-6,TRUE
rs11812151,T,C,T,C,0.147,3e-4,0.1513,0.1522,FALSE,FALSE,FALSE,CdK0em,10,45315006,0.001,0.3,0.7424,32872,Grasby2020thickness,TRUE,reported,10,45315006,0.0285,5.157894736842104,2.5039999999999997e-7,738167,Evangelou2018pp,TRUE,reported,co86tk,2,TRUE,5e-6,TRUE
rs11862859,A,G,A,G,-0.1231,-3e-4,0.2583,0.267,FALSE,FALSE,FALSE,CdK0em,16,30757274,9e-4,-0.3333333333333333,0.7205,32872,Grasby2020thickness,TRUE,reported,16,30757274,0.0236,-5.216101694915254,1.902e-7,745819,Evangelou2018pp,TRUE,reported,co86tk,2,TRUE,5e-6,TRUE
rs11868035,A,G,A,G,0.1212,0.0016,0.2967,0.3053,FALSE,FALSE,FALSE,CdK0em,17,17715101,8e-4,2,0.057870000000000005,32872,Grasby2020thickness,TRUE,reported,17,17715101,0.0226,5.36283185840708,8.146e-8,736095,Evangelou2018pp,TRUE,reported,co86tk,2,TRUE,5e-6,TRUE
rs11872602,G,C,G,C,0.1498,-0.0018,0.1156,0.1196,FALSE,TRUE,FALSE,CdK0em,18,46332922,0.0011,-1.63636,0.11199999999999999,32872,Grasby2020thickness,TRUE,reported,18,46332922,0.0322,4.65217,3.2089999999999997e-6,745818,Evangelou2018pp,TRUE,reported,co86tk,2,TRUE,5e-6,TRUE
rs11872627,T,C,T,C,-0.2532,-0.0012,0.1389,0.1409,FALSE,FALSE,FALSE,CdK0em,18,48287818,0.0011,-1.0909090909090908,0.2713,33281,Grasby2020thickness,TRUE,reported,18,48287818,0.0298,-8.496644295302012,1.769e-17,745818,Evangelou2018pp,TRUE,reported,co86tk,2,TRUE,5e-6,TRUE
rs11874246,T,C,T,C,0.1574,-6e-4,0.2957,0.2954,FALSE,FALSE,FALSE,CdK0em,18,42596789,8e-4,-0.7499999999999999,0.4135,32872,Grasby2020thickness,TRUE,reported,18,42596789,0.0224,7.026785714285715,1.933e-12,745818,Evangelou2018pp,TRUE,reported,co86tk,2,TRUE,5e-6,TRUE
rs11906149,C,G,C,G,0.2276,-0,0.1207,0.122,FALSE,TRUE,FALSE,CdK0em,20,57744869,0.0012,-0,0.9887,32872,Grasby2020thickness,TRUE,reported,20,57744869,0.0318,7.1572327044025155,7.691e-13,741281,Evangelou2018pp,TRUE,reported,co86tk,2,TRUE,5e-6,TRUE
rs11933087,T,A,T,A,0.1213,-3e-4,0.3662,0.3678,FALSE,TRUE,FALSE,CdK0em,4,145722862,8e-4,-0.375,0.7422,32512,Grasby2020thickness,TRUE,reported,4,145722862,0.0218,5.56422,2.809e-8,734146,Evangelou2018pp,TRUE,reported,co86tk,2,TRUE,5e-6,TRUE
rs11952083,A,G,A,G,0.1257,-6e-4,0.2506,0.2498,FALSE,FALSE,FALSE,CdK0em,5,52156366,9e-4,-0.6666666666666666,0.5148,32872,Grasby2020thickness,TRUE,reported,5,52156366,0.0238,5.281512605042017,1.284e-7,738168,Evangelou2018pp,TRUE,reported,co86tk,2,TRUE,5e-6,TRUE
rs11977526,A,G,A,G,-0.4308,6e-4,0.4018,0.4007,FALSE,FALSE,FALSE,CdK0em,7,46008110,8e-4,0.7499999999999999,0.4216,32872,Grasby2020thickness,TRUE,reported,7,46008110,0.0211,-20.417061611374407,1.7499999999999996e-92,732149,Evangelou2018pp,TRUE,reported,co86tk,2,TRUE,5e-6,TRUE
rs11988241,C,T,C,T,0.1323,9e-4,0.256,0.2543,FALSE,FALSE,FALSE,CdK0em,8,30288258,9e-4,1,0.2933,32872,Grasby2020thickness,TRUE,reported,8,30288258,0.0236,5.60593,2.019e-8,738169,Evangelou2018pp,TRUE,reported,co86tk,2,TRUE,5e-6,TRUE
rs1198982,A,G,A,G,-0.1242,-7e-4,0.6121,0.6169,FALSE,FALSE,FALSE,CdK0em,1,43782846,8e-4,-0.875,0.368,32872,Grasby2020thickness,TRUE,reported,1,43782846,0.0211,-5.886255924170616,3.932e-9,737163,Evangelou2018pp,TRUE,reported,co86tk,2,TRUE,5e-6,TRUE
rs12032588,T,G,T,G,-0.1294,-7e-4,0.3993,0.3981,FALSE,FALSE,FALSE,CdK0em,1,92355156,8e-4,-0.875,0.3947,32872,Grasby2020thickness,TRUE,reported,1,92355156,0.0208,-6.221153846153846,5.122e-10,737165,Evangelou2018pp,TRUE,reported,co86tk,2,TRUE,5e-6,TRUE
rs12045477,T,C,T,C,-0.17600000000000002,-6e-4,0.2881,0.2872,FALSE,FALSE,FALSE,CdK0em,1,42638163,9e-4,-0.6666666666666666,0.4814,32872,Grasby2020thickness,TRUE,reported,1,42638163,0.0228,-7.719298245614036,1.163e-14,737163,Evangelou2018pp,TRUE,reported,co86tk,2,TRUE,5e-6,TRUE
rs1205047,G,A,G,A,0.112,-0.0014,0.7725,0.7663,FALSE,FALSE,FALSE,CdK0em,14,72363899,9e-4,-1.55556,0.1126,33281,Grasby2020thickness,TRUE,reported,14,72363899,0.0244,4.59016,4.5280000000000005e-6,737558,Evangelou2018pp,TRUE,reported,co86tk,2,TRUE,5e-6,TRUE
rs12052878,A,G,A,G,-0.1497,8e-4,0.3198,0.3161,FALSE,FALSE,FALSE,CdK0em,2,238227594,8e-4,1,0.3537,31253,Grasby2020thickness,TRUE,reported,2,238227594,0.022000000000000002,-6.804545454545454,1.1089999999999999e-11,738170,Evangelou2018pp,TRUE,reported,co86tk,2,TRUE,5e-6,TRUE
rs12138150,T,C,T,C,-0.1954,1e-4,0.4021,0.3955,FALSE,FALSE,FALSE,CdK0em,1,169098738,8e-4,0.125,0.9416,32872,Grasby2020thickness,TRUE,reported,1,169098738,0.0208,-9.39423076923077,5.6639999999999996e-21,738169,Evangelou2018pp,TRUE,reported,co86tk,2,TRUE,5e-6,TRUE
rs12149704,A,G,A,G,0.7476,-9e-4,0.063,0.0623,FALSE,FALSE,FALSE,CdK0em,16,69789516,0.0022,-0.40909090909090906,0.6895,20344,Grasby2020thickness,TRUE,reported,16,69789516,0.0466,16.042918454935624,5.4550000000000006e-58,744814,Evangelou2018pp,TRUE,reported,co86tk,2,TRUE,5e-6,TRUE
rs12153395,A,G,A,G,-0.2134,-5e-4,0.1145,0.1166,FALSE,FALSE,FALSE,CdK0em,5,179411477,0.0012,-0.4166666666666667,0.6686,32764,Grasby2020thickness,TRUE,reported,5,179411477,0.033,-6.466666666666667,9.999e-11,734145,Evangelou2018pp,TRUE,reported,co86tk,2,TRUE,5e-6,TRUE
rs12172847,A,G,A,G,-0.1278,0.0018,0.3225,0.322,FALSE,FALSE,FALSE,CdK0em,18,60223017,8e-4,2.25,0.01848,32872,Grasby2020thickness,TRUE,reported,18,60223017,0.0218,-5.862385321100917,4.6750000000000005e-9,745818,Evangelou2018pp,TRUE,reported,co86tk,2,TRUE,5e-6,TRUE
rs12195276,T,C,T,C,-0.1819,-2e-4,0.7252,0.7259,FALSE,FALSE,FALSE,CdK0em,6,73657714,9e-4,-0.22222222222222224,0.7705,32872,Grasby2020thickness,TRUE,reported,6,73657714,0.0231,-7.874458874458875,3.4869999999999997e-15,737054,Evangelou2018pp,TRUE,reported,co86tk,2,TRUE,5e-6,TRUE
rs12201429,T,C,T,C,0.3763,-0.0012,0.1382,0.1412,FALSE,FALSE,FALSE,CdK0em,6,55993585,0.0011,-1.0909090909090908,0.2773,32872,Grasby2020thickness,TRUE,reported,6,55993585,0.0298,12.627516778523491,1.498e-36,737163,Evangelou2018pp,TRUE,reported,co86tk,2,TRUE,5e-6,TRUE
rs12216497,T,C,T,C,0.1307,4e-4,0.5616,0.5563,FALSE,FALSE,FALSE,CdK0em,6,19028623,8e-4,0.5,0.6183,32872,Grasby2020thickness,TRUE,reported,6,19028623,0.0206,6.344660194174757,2.2509999999999998e-10,738169,Evangelou2018pp,TRUE,reported,co86tk,2,TRUE,5e-6,TRUE
rs12258967,G,C,G,C,-0.2786,1e-4,0.2956,0.2914,FALSE,TRUE,FALSE,CdK0em,10,18727959,9e-4,0.111111,0.8907,32512,Grasby2020thickness,TRUE,reported,10,18727959,0.0229,-12.1659,3.6669999999999997e-34,737165,Evangelou2018pp,TRUE,reported,co86tk,2,TRUE,5e-6,TRUE
rs12264186,T,C,T,C,0.1972,0.002,0.1873,0.1889,FALSE,FALSE,FALSE,CdK0em,10,32289986,0.001,2,0.031939999999999996,32872,Grasby2020thickness,TRUE,reported,10,32289986,0.0263,7.498098859315589,6.895e-14,738168,Evangelou2018pp,TRUE,reported,co86tk,2,TRUE,5e-6,TRUE
rs1229984,C,T,C,T,0.5111,-0.001,0.9607,0.9546,FALSE,FALSE,FALSE,CdK0em,4,100239319,0.0022,-0.454545,0.6592,31724,Grasby2020thickness,TRUE,reported,4,100239319,0.0607,8.4201,3.5659999999999997e-17,723796,Evangelou2018pp,TRUE,reported,co86tk,2,TRUE,5e-6,TRUE
rs12376382,C,T,C,T,-0.108,-5e-4,0.6689,0.657,FALSE,FALSE,FALSE,CdK0em,9,138318807,9e-4,-0.555556,0.6027,28307,Grasby2020thickness,TRUE,reported,9,138318807,0.0232,-4.65517,3.267e-6,694853,Evangelou2018pp,TRUE,reported,co86tk,2,TRUE,5e-6,TRUE
rs12379687,T,G,T,G,0.1456,4e-4,0.16,0.1615,FALSE,FALSE,FALSE,CdK0em,9,16854367,0.001,0.4,0.7064,32872,Grasby2020thickness,TRUE,reported,9,16854367,0.027999999999999997,5.200000000000001,2.007e-7,745820,Evangelou2018pp,TRUE,reported,co86tk,2,TRUE,5e-6,TRUE
rs1245811,C,T,C,T,-0.1019,0.0012,0.6172,0.6173,FALSE,FALSE,FALSE,CdK0em,12,79637453,8e-4,1.5,0.1312,32872,Grasby2020thickness,TRUE,reported,12,79637453,0.0215,-4.73953,2.021e-6,735985,Evangelou2018pp,TRUE,reported,co86tk,2,TRUE,5e-6,TRUE
rs12476956,T,C,T,C,0.1307,6e-4,0.4515,0.4457,FALSE,FALSE,FALSE,CdK0em,2,21049129,8e-4,0.7499999999999999,0.4488,32872,Grasby2020thickness,TRUE,reported,2,21049129,0.0211,6.194312796208531,6.154e-10,737165,Evangelou2018pp,TRUE,reported,co86tk,2,TRUE,5e-6,TRUE
rs12483016,T,G,T,G,0.1276,-7e-4,0.2198,0.2212,FALSE,FALSE,FALSE,CdK0em,21,16546125,9e-4,-0.7777777777777778,0.3918,32872,Grasby2020thickness,TRUE,reported,21,16546125,0.0249,5.124497991967871,2.937e-7,737556,Evangelou2018pp,TRUE,reported,co86tk,2,TRUE,5e-6,TRUE
rs1250259,A,T,A,T,-0.2782,4e-4,0.7381,0.7347,FALSE,TRUE,FALSE,CdK0em,2,216300482,9e-4,0.4444444444444445,0.6637,31514,Grasby2020thickness,TRUE,reported,2,216300482,0.0233,-11.939914163090128,8.607e-33,737165,Evangelou2018pp,TRUE,reported,co86tk,2,TRUE,5e-6,TRUE
rs12536419,C,A,C,A,0.6985,2e-4,0.1581,0.1592,FALSE,FALSE,FALSE,CdK0em,7,106419296,0.001,0.2,0.856,32872,Grasby2020thickness,TRUE,reported,7,106419296,0.0285,24.5088,6.349999999999998e-133,736050,Evangelou2018pp,TRUE,reported,co86tk,2,TRUE,5e-6,TRUE
rs1259158,A,G,A,G,0.1347,8e-4,0.1941,0.1933,FALSE,FALSE,FALSE,CdK0em,11,134024427,0.001,0.8,0.3998,32872,Grasby2020thickness,TRUE,reported,11,134024427,0.0264,5.102272727272727,3.356e-7,737163,Evangelou2018pp,TRUE,reported,co86tk,2,TRUE,5e-6,TRUE
rs12603813,C,T,C,T,0.2683,3e-4,0.2527,0.2513,FALSE,FALSE,FALSE,CdK0em,17,43196584,9e-4,0.333333,0.732,32872,Grasby2020thickness,TRUE,reported,17,43196584,0.0237,11.3207,8.308e-30,744874,Evangelou2018pp,TRUE,reported,co86tk,2,TRUE,5e-6,TRUE
rs12627651,A,G,A,G,0.134,-9e-4,0.2872,0.2916,FALSE,FALSE,FALSE,CdK0em,21,44760603,8e-4,-1.125,0.298,32764,Grasby2020thickness,TRUE,reported,21,44760603,0.0232,5.775862068965518,8.158999999999999e-9,741589,Evangelou2018pp,TRUE,reported,co86tk,2,TRUE,5e-6,TRUE
rs12630450,G,A,G,A,-0.1947,9e-4,0.2671,0.2735,FALSE,FALSE,FALSE,CdK0em,3,169480204,9e-4,1,0.2972,32872,Grasby2020thickness,TRUE,reported,3,169480204,0.0235,-8.28511,1.2199999999999999e-16,728901,Evangelou2018pp,TRUE,reported,co86tk,2,TRUE,5e-6,TRUE
rs12636123,G,T,G,T,-0.1283,3e-4,0.3446,0.3613,FALSE,FALSE,FALSE,CdK0em,3,38787591,9e-4,0.333333,0.7095,32872,Grasby2020thickness,TRUE,reported,3,38787591,0.0235,-5.45957,4.753e-8,726387,Evangelou2018pp,TRUE,reported,co86tk,2,TRUE,5e-6,TRUE
rs12644188,G,A,G,A,-0.096,-6e-4,0.5568,0.5521,FALSE,FALSE,FALSE,CdK0em,4,96055001,8e-4,-0.75,0.4276,32512,Grasby2020thickness,TRUE,reported,4,96055001,0.0206,-4.66019,3.149e-6,735152,Evangelou2018pp,TRUE,reported,co86tk,2,TRUE,5e-6,TRUE
rs12694277,C,T,C,T,0.1121,3e-4,0.7055,0.7102,FALSE,FALSE,FALSE,CdK0em,2,213188795,8e-4,0.375,0.7131,31514,Grasby2020thickness,TRUE,reported,2,213188795,0.0228,4.91667,8.526000000000001e-7,738169,Evangelou2018pp,TRUE,reported,co86tk,2,TRUE,5e-6,TRUE
rs12705090,T,C,T,C,-0.2361,4e-4,0.1891,0.1889,FALSE,FALSE,FALSE,CdK0em,7,100467700,9e-4,0.4444444444444445,0.6876,32872,Grasby2020thickness,TRUE,reported,7,100467700,0.0262,-9.0114503816793885,2.1710000000000003e-19,738167,Evangelou2018pp,TRUE,reported,co86tk,2,TRUE,5e-6,TRUE
rs1275957,T,G,T,G,-0.2082,2e-4,0.5918,0.5891,FALSE,FALSE,FALSE,CdK0em,2,26897501,8e-4,0.25,0.7915,31888,Grasby2020thickness,TRUE,reported,2,26897501,0.0214,-9.728971962616823,2.622e-22,728446,Evangelou2018pp,TRUE,reported,co86tk,2,TRUE,5e-6,TRUE
rs12775642,A,G,A,G,0.1152,2e-4,0.3263,0.3323,FALSE,FALSE,FALSE,CdK0em,10,121712667,8e-4,0.25,0.8351,32872,Grasby2020thickness,TRUE,reported,10,121712667,0.0227,5.074889867841409,3.7159999999999997e-7,737164,Evangelou2018pp,TRUE,reported,co86tk,2,TRUE,5e-6,TRUE
rs12860045,A,G,A,G,0.1156,-0.0011,0.242,0.2464,FALSE,FALSE,FALSE,CdK0em,13,70972716,9e-4,-1.2222222222222223,0.2037,32872,Grasby2020thickness,TRUE,reported,13,70972716,0.0239,4.836820083682008,1.325e-6,744705,Evangelou2018pp,TRUE,reported,co86tk,2,TRUE,5e-6,TRUE
rs12965656,T,C,T,C,-0.1103,-3e-4,0.3997,0.4042,FALSE,FALSE,FALSE,CdK0em,18,54592018,8e-4,-0.37499999999999994,0.7338,32680,Grasby2020thickness,TRUE,reported,18,54592018,0.0221,-4.990950226244343,6.335000000000001e-7,743699,Evangelou2018pp,TRUE,reported,co86tk,2,TRUE,5e-6,TRUE
rs13051395,A,G,A,G,-0.1084,0.0021,0.5142,0.5124,FALSE,FALSE,FALSE,CdK0em,21,47520424,8e-4,2.6249999999999996,0.007102,32680,Grasby2020thickness,TRUE,reported,21,47520424,0.0209,-5.186602870813397,2.164e-7,741589,Evangelou2018pp,TRUE,reported,co86tk,2,TRUE,5e-6,TRUE
rs13107325,T,C,T,C,-0.2527,-0.0076,0.074,0.0707,FALSE,FALSE,FALSE,CdK0em,4,103188709,0.0015,-5.066666666666666,5.054e-7,32872,Grasby2020thickness,TRUE,reported,4,103188709,0.0401,-6.301745635910224,2.914e-10,735152,Evangelou2018pp,TRUE,reported,co86tk,2,TRUE,5e-6,TRUE
rs13118687,A,G,A,G,-0.1051,-3e-4,0.4699,0.4736,FALSE,FALSE,FALSE,CdK0em,4,111406496,8e-4,-0.37499999999999994,0.6999,32872,Grasby2020thickness,TRUE,reported,4,111406496,0.0207,-5.0772946859903385,4.02e-7,733032,Evangelou2018pp,TRUE,reported,co86tk,2,TRUE,5e-6,TRUE
rs13149209,C,T,C,T,-0.1769,3e-4,0.2224,0.2146,FALSE,FALSE,FALSE,CdK0em,4,89750668,9e-4,0.333333,0.7126,32872,Grasby2020thickness,TRUE,reported,4,89750668,0.0249,-7.10442,1.236e-12,735149,Evangelou2018pp,TRUE,reported,co86tk,2,TRUE,5e-6,TRUE
rs13189347,C,A,C,A,0.1408,-4e-4,0.448,0.4429,FALSE,FALSE,FALSE,CdK0em,5,122828560,8e-4,-0.5,0.6381,32872,Grasby2020thickness,TRUE,reported,5,122828560,0.0206,6.83495,8.130999999999999e-12,738169,Evangelou2018pp,TRUE,reported,co86tk,2,TRUE,5e-6,TRUE
rs13199674,A,G,A,G,0.2204,-0.0016,0.4429,0.4414,FALSE,FALSE,FALSE,CdK0em,6,127185489,8e-4,-2,0.04195,32603,Grasby2020thickness,TRUE,reported,6,127185489,0.0207,10.647342995169083,1.651e-26,738170,Evangelou2018pp,TRUE,reported,co86tk,2,TRUE,5e-6,TRUE
rs13206305,T,C,T,C,-0.156,9e-4,0.1971,0.1937,FALSE,FALSE,FALSE,CdK0em,6,152549309,9e-4,1,0.3584,32603,Grasby2020thickness,TRUE,reported,6,152549309,0.0259,-6.023166023166024,1.777e-9,738166,Evangelou2018pp,TRUE,reported,co86tk,2,TRUE,5e-6,TRUE
rs13253821,T,C,T,C,-0.0954,-3e-4,0.4886,0.4887,FALSE,FALSE,FALSE,CdK0em,8,141653777,8e-4,-0.37499999999999994,0.6639,32872,Grasby2020thickness,TRUE,reported,8,141653777,0.0207,-4.608695652173913,3.842e-6,738169,Evangelou2018pp,TRUE,reported,co86tk,2,TRUE,5e-6,TRUE
rs13263821,C,G,C,G,-0.1987,7e-4,0.1921,0.1944,FALSE,TRUE,FALSE,CdK0em,8,105982209,0.001,0.7,0.4839,32872,Grasby2020thickness,TRUE,reported,8,105982209,0.0265,-7.49811320754717,5.934e-14,738170,Evangelou2018pp,TRUE,reported,co86tk,2,TRUE,5e-6,TRUE
rs13279275,C,A,C,A,0.1501,7e-4,0.2343,0.2308,FALSE,FALSE,FALSE,CdK0em,8,13342038,0.001,0.7,0.4901,32771,Grasby2020thickness,TRUE,reported,8,13342038,0.0252,5.95635,2.657e-9,737164,Evangelou2018pp,TRUE,reported,co86tk,2,TRUE,5e-6,TRUE
rs13286845,C,A,C,A,-0.1107,0.0015,0.7598,0.7583,FALSE,FALSE,FALSE,CdK0em,9,22934663,9e-4,1.66667,0.07827,32872,Grasby2020thickness,TRUE,reported,9,22934663,0.0242,-4.57438,4.651e-6,737100,Evangelou2018pp,TRUE,reported,co86tk,2,TRUE,5e-6,TRUE
rs13290326,T,C,T,C,-0.1562,1e-4,0.5012,0.5017,FALSE,FALSE,FALSE,CdK0em,9,116696625,8e-4,0.125,0.8617,32512,Grasby2020thickness,TRUE,reported,9,116696625,0.0204,-7.656862745098039,2.113e-14,745820,Evangelou2018pp,TRUE,reported,co86tk,2,TRUE,5e-6,TRUE
rs1332813,C,T,C,T,-0.1143,-1e-4,0.6484,0.6458,FALSE,FALSE,FALSE,CdK0em,9,9350706,8e-4,-0.125,0.8578,32872,Grasby2020thickness,TRUE,reported,9,9350706,0.0214,-5.34112,9.191000000000001e-8,745819,Evangelou2018pp,TRUE,reported,co86tk,2,TRUE,5e-6,TRUE
rs13356445,T,C,T,C,-0.1415,-0.001,0.2173,0.2147,FALSE,FALSE,FALSE,CdK0em,5,87248847,9e-4,-1.1111111111111112,0.267,32872,Grasby2020thickness,TRUE,reported,5,87248847,0.025,-5.659999999999999,1.4480000000000001e-8,729907,Evangelou2018pp,TRUE,reported,co86tk,2,TRUE,5e-6,TRUE
rs13409792,G,A,G,A,-0.175,-6e-4,0.1404,0.1405,FALSE,FALSE,FALSE,CdK0em,2,56034163,0.0011,-0.545455,0.6047,32872,Grasby2020thickness,TRUE,reported,2,56034163,0.0294,-5.95238,2.583e-9,737054,Evangelou2018pp,TRUE,reported,co86tk,2,TRUE,5e-6,TRUE
rs1344652,G,A,G,A,0.3455,-2e-4,0.6834,0.6836,FALSE,FALSE,FALSE,CdK0em,2,19731180,8e-4,-0.25,0.7812,32872,Grasby2020thickness,TRUE,reported,2,19731180,0.0219,15.7763,3.9319999999999996e-56,737165,Evangelou2018pp,TRUE,reported,co86tk,2,TRUE,5e-6,TRUE
rs1350100,G,A,G,A,-0.1653,7e-4,0.5549,0.5586,FALSE,FALSE,FALSE,CdK0em,8,76054904,8e-4,0.875,0.3767,32872,Grasby2020thickness,TRUE,reported,8,76054904,0.0208,-7.94712,1.7949999999999998e-15,737165,Evangelou2018pp,TRUE,reported,co86tk,2,TRUE,5e-6,TRUE
rs1351394,C,T,C,T,0.1811,0.0013,0.5108,0.5079,FALSE,FALSE,FALSE,CdK0em,12,66351826,8e-4,1.625,0.08148,32872,Grasby2020thickness,TRUE,reported,12,66351826,0.0204,8.87745,6.531999999999999e-19,745820,Evangelou2018pp,TRUE,reported,co86tk,2,TRUE,5e-6,TRUE
rs138112129,A,T,A,T,0.4006,-0.0056,0.0346,0.0356,FALSE,TRUE,FALSE,CdK0em,10,104716767,0.0026,-2.1538461538461537,0.03399,25103,Grasby2020thickness,TRUE,reported,10,104716767,0.0624,6.419871794871796,1.337e-10,725104,Evangelou2018pp,TRUE,reported,co86tk,2,TRUE,5e-6,TRUE
rs138285687,T,C,T,C,-0.3304,-0.0012,0.0433,0.0425,FALSE,FALSE,FALSE,CdK0em,17,27195674,0.002,-0.6,0.5329999999999999,32872,Grasby2020thickness,TRUE,reported,17,27195674,0.0517,-6.3907156673114125,1.681e-10,745819,Evangelou2018pp,TRUE,reported,co86tk,2,TRUE,5e-6,TRUE
rs139919,C,T,C,T,0.2476,-6e-4,0.1803,0.1799,FALSE,FALSE,FALSE,CdK0em,22,40726183,0.001,-0.6,0.5275,32872,Grasby2020thickness,TRUE,reported,22,40726183,0.0272,9.10294,8.037e-20,743700,Evangelou2018pp,TRUE,reported,co86tk,2,TRUE,5e-6,TRUE
rs141212865,C,A,C,A,-0.1497,0.0016,0.1944,0.1952,FALSE,FALSE,FALSE,CdK0em,7,139404666,9e-4,1.77778,0.09012,32872,Grasby2020thickness,TRUE,reported,7,139404666,0.0263,-5.69202,1.206e-8,737163,Evangelou2018pp,TRUE,reported,co86tk,2,TRUE,5e-6,TRUE
rs142004400,C,A,C,A,-0.3306,-0.0044,0.0361,0.0374,FALSE,FALSE,FALSE,CdK0em,14,50829560,0.0021,-2.09524,0.03344,32589,Grasby2020thickness,TRUE,reported,14,50829560,0.0566,-5.84099,5.241e-9,744812,Evangelou2018pp,TRUE,reported,co86tk,2,TRUE,5e-6,TRUE
rs142378207,A,G,A,G,0.3473,-0.0016,0.1311,0.1268,FALSE,FALSE,FALSE,CdK0em,9,127825168,0.0011,-1.4545454545454546,0.152,32872,Grasby2020thickness,TRUE,reported,9,127825168,0.0304,11.424342105263158,3.495e-30,745818,Evangelou2018pp,TRUE,reported,co86tk,2,TRUE,5e-6,TRUE
rs143167197,G,A,G,A,0.3069,7e-4,0.0715,0.0734,FALSE,FALSE,FALSE,CdK0em,1,28734372,0.0017,0.411765,0.6771,27523,Grasby2020thickness,TRUE,reported,1,28734372,0.0419,7.32458,2.493e-13,725553,Evangelou2018pp,TRUE,reported,co86tk,2,TRUE,5e-6,TRUE
rs144822931,C,T,C,T,-0.5092,-0.0011,0.0175,0.0194,FALSE,FALSE,FALSE,CdK0em,11,65398943,0.0029,-0.37931,0.705,32228,Grasby2020thickness,TRUE,reported,11,65398943,0.0797,-6.38896,1.7059999999999998e-10,738170,Evangelou2018pp,TRUE,reported,co86tk,2,TRUE,5e-6,TRUE
rs1449544,C,A,C,A,-0.1927,6e-4,0.4565,0.4609,FALSE,FALSE,FALSE,CdK0em,8,76591880,8e-4,0.75,0.4043,32872,Grasby2020thickness,TRUE,reported,8,76591880,0.0205,-9.4,6.681000000000001e-21,738170,Evangelou2018pp,TRUE,reported,co86tk,2,TRUE,5e-6,TRUE
rs145878042,G,A,G,A,-0.5405,0.0019,0.0112,0.0133,FALSE,FALSE,FALSE,CdK0em,12,48143315,0.0036,0.527778,0.6093,29276,Grasby2020thickness,TRUE,reported,12,48143315,0.1002,-5.39421,6.950000000000001e-8,734873,Evangelou2018pp,TRUE,reported,co86tk,2,TRUE,5e-6,TRUE
rs146873663,C,T,C,T,0.4271,-0.0025,0.0154,0.0164,FALSE,FALSE,FALSE,CdK0em,2,189481972,0.0033,-0.757576,0.4546,28784,Grasby2020thickness,TRUE,reported,2,189481972,0.0867,4.92618,8.453e-7,730896,Evangelou2018pp,TRUE,reported,co86tk,2,TRUE,5e-6,TRUE
rs1469760,C,T,C,T,0.1891,-3e-4,0.4162,0.421,FALSE,FALSE,FALSE,CdK0em,2,204125426,8e-4,-0.375,0.6729,31154,Grasby2020thickness,TRUE,reported,2,204125426,0.0208,9.09135,1.158e-19,737165,Evangelou2018pp,TRUE,reported,co86tk,2,TRUE,5e-6,TRUE
rs150194832,C,G,C,G,-0.2147,4e-4,0.0933,0.0938,FALSE,TRUE,FALSE,CdK0em,2,106126880,0.0013,0.3076923076923077,0.7604,32872,Grasby2020thickness,TRUE,reported,2,106126880,0.0354,-6.064971751412429,1.348e-9,738169,Evangelou2018pp,TRUE,reported,co86tk,2,TRUE,5e-6,TRUE
rs150266910,T,C,T,C,0.1731,-4e-4,0.1768,0.1776,FALSE,FALSE,FALSE,CdK0em,1,23442265,9e-4,-0.4444444444444445,0.6455,32872,Grasby2020thickness,TRUE,reported,1,23442265,0.0267,6.48314606741573,9.571e-11,738168,Evangelou2018pp,TRUE,reported,co86tk,2,TRUE,5e-6,TRUE
rs150857355,C,G,C,G,0.5272,0.0018,0.0217,0.0211,FALSE,TRUE,FALSE,CdK0em,12,49209340,0.0031,0.5806451612903226,0.5684,26622,Grasby2020thickness,TRUE,reported,12,49209340,0.0765,6.891503267973857,5.4970000000000005e-12,731300,Evangelou2018pp,TRUE,reported,co86tk,2,TRUE,5e-6,TRUE
rs1519125,C,G,C,G,0.1403,2e-4,0.3934,0.4013,FALSE,TRUE,FALSE,CdK0em,11,16244588,8e-4,0.25,0.8071,32872,Grasby2020thickness,TRUE,reported,11,16244588,0.0209,6.712918660287082,2.023e-11,738169,Evangelou2018pp,TRUE,reported,co86tk,2,TRUE,5e-6,TRUE
rs1520222,A,G,A,G,0.1285,-3e-4,0.73740000000000006,0.7366,FALSE,FALSE,FALSE,CdK0em,12,102797293,9e-4,-0.3333333333333333,0.7441,32872,Grasby2020thickness,TRUE,reported,12,102797293,0.0232,5.538793103448277,2.8849999999999997e-8,745819,Evangelou2018pp,TRUE,reported,co86tk,2,TRUE,5e-6,TRUE
rs1547026,C,T,C,T,0.1062,-5e-4,0.2954,0.2978,FALSE,FALSE,FALSE,CdK0em,6,51825622,9e-4,-0.555556,0.568,32872,Grasby2020thickness,TRUE,reported,6,51825622,0.023,4.61739,3.764e-6,737164,Evangelou2018pp,TRUE,reported,co86tk,2,TRUE,5e-6,TRUE
rs1547950,C,T,C,T,0.1029,-0.0012,0.462,0.4638,FALSE,FALSE,FALSE,CdK0em,3,53568283,8e-4,-1.5,0.107,32872,Grasby2020thickness,TRUE,reported,3,53568283,0.0208,4.94712,7.489e-7,738169,Evangelou2018pp,TRUE,reported,co86tk,2,TRUE,5e-6,TRUE
rs1563788,T,C,T,C,0.2119,-0.0019,0.2866,0.29,FALSE,FALSE,FALSE,CdK0em,6,43308363,8e-4,-2.375,0.026930000000000003,32872,Grasby2020thickness,TRUE,reported,6,43308363,0.0226,9.376106194690266,5.808e-21,737056,Evangelou2018pp,TRUE,reported,co86tk,2,TRUE,5e-6,TRUE
rs1599116,T,G,T,G,-0.1682,-9e-4,0.8545,0.8482,FALSE,FALSE,FALSE,CdK0em,3,115077351,0.001,-0.8999999999999999,0.3775,33281,Grasby2020thickness,TRUE,reported,3,115077351,0.0292,-5.760273972602739,8.661e-9,729448,Evangelou2018pp,TRUE,reported,co86tk,2,TRUE,5e-6,TRUE
rs163049,A,G,A,G,0.1009,3e-4,0.6037,0.6034,FALSE,FALSE,FALSE,CdK0em,18,24523500,8e-4,0.37499999999999994,0.695,32872,Grasby2020thickness,TRUE,reported,18,24523500,0.021,4.804761904761905,1.631e-6,737558,Evangelou2018pp,TRUE,reported,co86tk,2,TRUE,5e-6,TRUE
rs1644318,C,T,C,T,0.2308,-8e-4,0.3866,0.3853,FALSE,FALSE,FALSE,CdK0em,5,122471989,8e-4,-1,0.3103,32872,Grasby2020thickness,TRUE,reported,5,122471989,0.021,10.9905,3.922e-28,737056,Evangelou2018pp,TRUE,reported,co86tk,2,TRUE,5e-6,TRUE
rs1687692,A,G,A,G,0.1594,0.001,0.2002,0.2054,FALSE,FALSE,FALSE,CdK0em,11,76512416,9e-4,1.1111111111111112,0.2711,32872,Grasby2020thickness,TRUE,reported,11,76512416,0.026000000000000002,6.130769230769229,8.571000000000001e-10,738169,Evangelou2018pp,TRUE,reported,co86tk,2,TRUE,5e-6,TRUE
rs16939351,A,G,A,G,-0.29,3e-4,0.0594,0.0619,FALSE,FALSE,FALSE,CdK0em,8,77660548,0.0016,0.18749999999999997,0.857,32872,Grasby2020thickness,TRUE,reported,8,77660548,0.0437,-6.636155606407322,3.336e-11,729908,Evangelou2018pp,TRUE,reported,co86tk,2,TRUE,5e-6,TRUE
rs1694068,A,T,A,T,0.128,-5e-4,0.6141,0.6102,FALSE,TRUE,FALSE,CdK0em,5,53283630,8e-4,-0.625,0.5267,32872,Grasby2020thickness,TRUE,reported,5,53283630,0.0211,6.0663507109004735,1.22e-9,738169,Evangelou2018pp,TRUE,reported,co86tk,2,TRUE,5e-6,TRUE
rs17010957,C,T,C,T,0.3456,-5e-4,0.1461,0.1471,FALSE,FALSE,FALSE,CdK0em,4,86719165,0.0011,-0.454545,0.6433,32872,Grasby2020thickness,TRUE,reported,4,86719165,0.0292,11.8356,2.304e-32,735152,Evangelou2018pp,TRUE,reported,co86tk,2,TRUE,5e-6,TRUE
rs1702904,C,A,C,A,-0.0993,-3e-4,0.4357,0.4363,FALSE,FALSE,FALSE,CdK0em,6,117455357,8e-4,-0.375,0.6983,32872,Grasby2020thickness,TRUE,reported,6,117455357,0.0207,-4.7971,1.581e-6,738170,Evangelou2018pp,TRUE,reported,co86tk,2,TRUE,5e-6,TRUE
rs17035181,G,T,G,T,-0.1565,3e-4,0.145,0.1494,FALSE,FALSE,FALSE,CdK0em,4,157678511,0.001,0.3,0.7658,32512,Grasby2020thickness,TRUE,reported,4,157678511,0.0291,-5.37801,7.438e-8,737055,Evangelou2018pp,TRUE,reported,co86tk,2,TRUE,5e-6,TRUE
rs17037452,G,A,G,A,-0.3833,1e-4,0.1608,0.1588,FALSE,FALSE,FALSE,CdK0em,1,11895675,0.001,0.1,0.9431,32872,Grasby2020thickness,TRUE,reported,1,11895675,0.0278,-13.7878,2.8319999999999996e-43,738169,Evangelou2018pp,TRUE,reported,co86tk,2,TRUE,5e-6,TRUE
rs17042848,A,T,A,T,0.1497,-0.0011,0.1839,0.1833,FALSE,TRUE,FALSE,CdK0em,1,216734001,0.001,-1.1,0.2881,32872,Grasby2020thickness,TRUE,reported,1,216734001,0.0265,5.649056603773585,1.606e-8,738167,Evangelou2018pp,TRUE,reported,co86tk,2,TRUE,5e-6,TRUE
rs17059668,G,C,G,C,0.2091,2e-4,0.0776,0.0797,FALSE,TRUE,FALSE,CdK0em,4,174584663,0.0014,0.142857,0.8847,32764,Grasby2020thickness,TRUE,reported,4,174584663,0.0391,5.34783,8.878999999999999e-8,737054,Evangelou2018pp,TRUE,reported,co86tk,2,TRUE,5e-6,TRUE
rs17079630,G,C,G,C,0.1329,-2e-4,0.1675,0.168,FALSE,TRUE,FALSE,CdK0em,5,179125678,0.0011,-0.181818,0.8852,32212,Grasby2020thickness,TRUE,reported,5,179125678,0.0283,4.69611,2.7189999999999997e-6,721650,Evangelou2018pp,TRUE,reported,co86tk,2,TRUE,5e-6,TRUE
rs17171688,A,G,A,G,-0.3916,-0.0016,0.0459,0.0485,FALSE,FALSE,FALSE,CdK0em,7,40369905,0.0019,-0.8421052631578948,0.3967,32680,Grasby2020thickness,TRUE,reported,7,40369905,0.0509,-7.693516699410609,1.5e-14,736049,Evangelou2018pp,TRUE,reported,co86tk,2,TRUE,5e-6,TRUE
rs17248720,T,C,T,C,-0.2289,-0.0019,0.1176,0.1133,FALSE,FALSE,FALSE,CdK0em,19,11198187,0.0012,-1.5833333333333335,0.1272,30605,Grasby2020thickness,TRUE,reported,19,11198187,0.0326,-7.021472392638037,2.0750000000000003e-12,726876,Evangelou2018pp,TRUE,reported,co86tk,2,TRUE,5e-6,TRUE
rs17271730,G,A,G,A,-0.1631,-1e-4,0.3628,0.3722,FALSE,FALSE,FALSE,CdK0em,15,62757722,8e-4,-0.125,0.9012,32872,Grasby2020thickness,TRUE,reported,15,62757722,0.0213,-7.65728,2.1330000000000002e-14,745818,Evangelou2018pp,TRUE,reported,co86tk,2,TRUE,5e-6,TRUE
rs17535443,A,G,A,G,-0.3649,-5e-4,0.273,0.2723,FALSE,FALSE,FALSE,CdK0em,1,59646056,9e-4,-0.5555555555555556,0.5247,32872,Grasby2020thickness,TRUE,reported,1,59646056,0.023,-15.865217391304348,7.597999999999999e-57,738168,Evangelou2018pp,TRUE,reported,co86tk,2,TRUE,5e-6,TRUE
rs17562391,T,C,T,C,0.1713,0.0016,0.4182,0.4255,FALSE,FALSE,FALSE,CdK0em,14,100133250,8e-4,2,0.041530000000000004,31907,Grasby2020thickness,TRUE,reported,14,100133250,0.0209,8.196172248803828,2.315e-16,745818,Evangelou2018pp,TRUE,reported,co86tk,2,TRUE,5e-6,TRUE
rs17608766,C,T,C,T,0.5274,0.0036,0.1443,0.1415,FALSE,FALSE,FALSE,CdK0em,17,45013271,0.0011,3.27273,9.215e-4,32872,Grasby2020thickness,TRUE,reported,17,45013271,0.0295,17.878,2.1209999999999995e-71,737558,Evangelou2018pp,TRUE,reported,co86tk,2,TRUE,5e-6,TRUE
rs17609994,G,A,G,A,0.1342,0.0015,0.203,0.2024,FALSE,FALSE,FALSE,CdK0em,5,157472544,0.001,1.5,0.1323,32872,Grasby2020thickness,TRUE,reported,5,157472544,0.0261,5.14176,2.6379999999999997e-7,734143,Evangelou2018pp,TRUE,reported,co86tk,2,TRUE,5e-6,TRUE
rs17677598,T,C,T,C,0.1088,0.0012,0.4519,0.4533,FALSE,FALSE,FALSE,CdK0em,14,39468103,8e-4,1.4999999999999998,0.1055,32872,Grasby2020thickness,TRUE,reported,14,39468103,0.0205,5.307317073170731,1.166e-7,745818,Evangelou2018pp,TRUE,reported,co86tk,2,TRUE,5e-6,TRUE
rs1773242,C,G,C,G,-0.11900000000000001,-8e-4,0.6432,0.6473,FALSE,TRUE,FALSE,CdK0em,3,194290858,8e-4,-1,0.3306,30423,Grasby2020thickness,TRUE,reported,3,194290858,0.0218,-5.458715596330276,4.974e-8,737164,Evangelou2018pp,TRUE,reported,co86tk,2,TRUE,5e-6,TRUE
rs17732513,T,C,T,C,-0.1465,-5e-4,0.351,0.3478,FALSE,FALSE,FALSE,CdK0em,14,92386379,8e-4,-0.625,0.4879,32872,Grasby2020thickness,TRUE,reported,14,92386379,0.0216,-6.7824074074074066,1.097e-11,745818,Evangelou2018pp,TRUE,reported,co86tk,2,TRUE,5e-6,TRUE
rs1779240,A,G,A,G,-0.2018,9e-4,0.7643,0.7663,FALSE,FALSE,FALSE,CdK0em,10,18476313,9e-4,1,0.295,32872,Grasby2020thickness,TRUE,reported,10,18476313,0.0241,-8.37344398340249,5.2090000000000006e-17,738170,Evangelou2018pp,TRUE,reported,co86tk,2,TRUE,5e-6,TRUE
rs1800470,A,G,A,G,-0.15,0,0.6234,0.6137,FALSE,FALSE,FALSE,CdK0em,19,41858921,8e-4,0,0.9914,32872,Grasby2020thickness,TRUE,reported,19,41858921,0.0213,-7.04225352112676,1.764e-12,744815,Evangelou2018pp,TRUE,reported,co86tk,2,TRUE,5e-6,TRUE
rs1834596,C,T,C,T,0.1325,0.0013,0.6538,0.6569,FALSE,FALSE,FALSE,CdK0em,11,102017149,8e-4,1.625,0.0852,32872,Grasby2020thickness,TRUE,reported,11,102017149,0.0216,6.13426,9.369e-10,729908,Evangelou2018pp,TRUE,reported,co86tk,2,TRUE,5e-6,TRUE
rs1850507,G,T,G,T,-0.168,-0.001,0.1966,0.1971,FALSE,FALSE,FALSE,CdK0em,4,16028866,9e-4,-1.11111,0.268,32872,Grasby2020thickness,TRUE,reported,4,16028866,0.026000000000000002,-6.46154,1.095e-10,735151,Evangelou2018pp,TRUE,reported,co86tk,2,TRUE,5e-6,TRUE
rs1866628,T,C,T,C,0.1201,-6e-4,0.4768,0.4798,FALSE,FALSE,FALSE,CdK0em,14,75075505,8e-4,-0.7499999999999999,0.4334,32680,Grasby2020thickness,TRUE,reported,14,75075505,0.0205,5.8585365853658535,4.815e-9,745820,Evangelou2018pp,TRUE,reported,co86tk,2,TRUE,5e-6,TRUE
rs1882033,G,A,G,A,-0.1016,-2e-4,0.5081,0.5012,FALSE,FALSE,FALSE,CdK0em,12,67819376,8e-4,-0.25,0.7458,32680,Grasby2020thickness,TRUE,reported,12,67819376,0.0207,-4.90821,8.919e-7,744706,Evangelou2018pp,TRUE,reported,co86tk,2,TRUE,5e-6,TRUE
rs1918973,G,A,G,A,-0.1253,-0.0016,0.5416,0.5405,FALSE,FALSE,FALSE,CdK0em,3,169165173,8e-4,-2,0.03984,32872,Grasby2020thickness,TRUE,reported,3,169165173,0.0205,-6.1122,9.912999999999999e-10,736058,Evangelou2018pp,TRUE,reported,co86tk,2,TRUE,5e-6,TRUE
rs1965942,G,A,G,A,-0.1276,1e-4,0.4614,0.4589,FALSE,FALSE,FALSE,CdK0em,15,65095612,9e-4,0.111111,0.9556,26949,Grasby2020thickness,TRUE,reported,15,65095612,0.0217,-5.88018,3.7819999999999996e-9,736096,Evangelou2018pp,TRUE,reported,co86tk,2,TRUE,5e-6,TRUE
rs1995496,G,A,G,A,0.1283,-5e-4,0.5016,0.4947,FALSE,FALSE,FALSE,CdK0em,2,242445336,8e-4,-0.625,0.5538,31514,Grasby2020thickness,TRUE,reported,2,242445336,0.0207,6.19807,5.745e-10,737164,Evangelou2018pp,TRUE,reported,co86tk,2,TRUE,5e-6,TRUE
rs1997571,A,G,A,G,-0.1448,2e-4,0.591,0.5867,FALSE,FALSE,FALSE,CdK0em,7,116198621,8e-4,0.25,0.8005,32872,Grasby2020thickness,TRUE,reported,7,116198621,0.0208,-6.961538461538463,3.464e-12,738168,Evangelou2018pp,TRUE,reported,co86tk,2,TRUE,5e-6,TRUE
rs200528,G,A,G,A,0.2295,-0.001,0.8069,0.802,FALSE,FALSE,FALSE,CdK0em,16,24759131,9e-4,-1.11111,0.2798,32872,Grasby2020thickness,TRUE,reported,16,24759131,0.0258,8.89535,6.378e-19,745819,Evangelou2018pp,TRUE,reported,co86tk,2,TRUE,5e-6,TRUE
rs2015637,C,T,C,T,-0.5012,0.0013,0.0996,0.0995,FALSE,FALSE,FALSE,CdK0em,15,48716853,0.0013,1,0.3231,32680,Grasby2020thickness,TRUE,reported,15,48716853,0.0345,-14.5275,8.886000000000001e-48,745817,Evangelou2018pp,TRUE,reported,co86tk,2,TRUE,5e-6,TRUE
rs2055120,G,A,G,A,0.5578,0.0019,0.0223,0.0223,FALSE,FALSE,FALSE,CdK0em,3,27548040,0.0027,0.703704,0.4663,32404,Grasby2020thickness,TRUE,reported,3,27548040,0.0722,7.72576,1.109e-14,730947,Evangelou2018pp,TRUE,reported,co86tk,2,TRUE,5e-6,TRUE
rs2058953,C,A,C,A,0.1682,-4e-4,0.1039,0.1066,FALSE,FALSE,FALSE,CdK0em,2,53905311,0.0013,-0.307692,0.774,32872,Grasby2020thickness,TRUE,reported,2,53905311,0.0343,4.90379,9.734999999999999e-7,738168,Evangelou2018pp,TRUE,reported,co86tk,2,TRUE,5e-6,TRUE
rs2102397,C,A,C,A,-0.1616,-5e-4,0.4936,0.4785,FALSE,FALSE,FALSE,CdK0em,4,48656326,8e-4,-0.625,0.5528,32512,Grasby2020thickness,TRUE,reported,4,48656326,0.021,-7.69524,1.58e-14,737164,Evangelou2018pp,TRUE,reported,co86tk,2,TRUE,5e-6,TRUE
rs2107595,A,G,A,G,0.4435,-5e-4,0.1586,0.1643,FALSE,FALSE,FALSE,CdK0em,7,19049388,0.001,-0.5,0.6503,32441,Grasby2020thickness,TRUE,reported,7,19049388,0.0282,15.72695035460993,8.242e-56,738169,Evangelou2018pp,TRUE,reported,co86tk,2,TRUE,5e-6,TRUE
rs2109019,C,A,C,A,0.2464,8e-4,0.7882,0.7824,FALSE,FALSE,FALSE,CdK0em,17,59475888,9e-4,0.888889,0.4037,32680,Grasby2020thickness,TRUE,reported,17,59475888,0.0256,9.625,5.2e-22,737557,Evangelou2018pp,TRUE,reported,co86tk,2,TRUE,5e-6,TRUE
rs2121648,T,G,T,G,0.1232,2e-4,0.2892,0.2889,FALSE,FALSE,FALSE,CdK0em,11,92679433,8e-4,0.25,0.8211,32279,Grasby2020thickness,TRUE,reported,11,92679433,0.0228,5.4035087719298245,6.263e-8,735553,Evangelou2018pp,TRUE,reported,co86tk,2,TRUE,5e-6,TRUE
rs2129869,T,A,T,A,0.1269,-4e-4,0.2214,0.2267,FALSE,TRUE,FALSE,CdK0em,12,26457650,9e-4,-0.444444,0.6206,32872,Grasby2020thickness,TRUE,reported,12,26457650,0.0246,5.15854,2.6239999999999997e-7,743761,Evangelou2018pp,TRUE,reported,co86tk,2,TRUE,5e-6,TRUE
rs2143618,G,A,G,A,0.2211,-0.001,0.1638,0.1698,FALSE,FALSE,FALSE,CdK0em,20,10614420,0.001,-1,0.3123,32872,Grasby2020thickness,TRUE,reported,20,10614420,0.0277,7.98195,1.4119999999999999e-15,745817,Evangelou2018pp,TRUE,reported,co86tk,2,TRUE,5e-6,TRUE
rs2148306,C,A,C,A,0.1802,-0.0019,0.4227,0.4274,FALSE,FALSE,FALSE,CdK0em,10,21052512,8e-4,-2.375,0.01465,32872,Grasby2020thickness,TRUE,reported,10,21052512,0.0207,8.70531,2.782e-18,738169,Evangelou2018pp,TRUE,reported,co86tk,2,TRUE,5e-6,TRUE
rs2175337,A,C,A,C,0.1656,-0,0.6108,0.6076,FALSE,FALSE,FALSE,CdK0em,2,9298590,8e-4,-0,0.9809,32872,Grasby2020thickness,TRUE,reported,2,9298590,0.021,7.885714285714285,3.524e-15,737164,Evangelou2018pp,TRUE,reported,co86tk,2,TRUE,5e-6,TRUE
rs2206815,A,C,A,C,-0.3609,2e-4,0.4978,0.4961,FALSE,FALSE,FALSE,CdK0em,20,10669188,8e-4,0.25,0.7588,32872,Grasby2020thickness,TRUE,reported,20,10669188,0.0207,-17.434782608695652,4.266999999999999e-68,738794,Evangelou2018pp,TRUE,reported,co86tk,2,TRUE,5e-6,TRUE
rs2215590,T,C,T,C,0.1732,-0.0016,0.2549,0.2512,FALSE,FALSE,FALSE,CdK0em,14,73297741,9e-4,-1.777777777777778,0.058539999999999995,32512,Grasby2020thickness,TRUE,reported,14,73297741,0.0235,7.370212765957446,1.669e-13,745818,Evangelou2018pp,TRUE,reported,co86tk,2,TRUE,5e-6,TRUE
rs222837,T,C,T,C,0.1265,-8e-4,0.5114,0.5092,FALSE,FALSE,FALSE,CdK0em,17,7132556,8e-4,-1,0.2937,32872,Grasby2020thickness,TRUE,reported,17,7132556,0.0209,6.052631578947369,1.343e-9,736030,Evangelou2018pp,TRUE,reported,co86tk,2,TRUE,5e-6,TRUE
rs2229742,C,G,C,G,0.2206,8e-4,0.1039,0.1072,FALSE,TRUE,FALSE,CdK0em,21,16339172,0.0013,0.6153846153846154,0.5679,31460,Grasby2020thickness,TRUE,reported,21,16339172,0.034,6.488235294117646,8.634000000000001e-11,744706,Evangelou2018pp,TRUE,reported,co86tk,2,TRUE,5e-6,TRUE
rs2241003,C,G,C,G,-0.1724,-4e-4,0.633,0.6294,FALSE,TRUE,FALSE,CdK0em,9,123666777,8e-4,-0.5,0.5948,32680,Grasby2020thickness,TRUE,reported,9,123666777,0.0212,-8.132075471698114,4e-16,745819,Evangelou2018pp,TRUE,reported,co86tk,2,TRUE,5e-6,TRUE
rs2242652,A,G,A,G,0.1577,2e-4,0.1951,0.196,FALSE,FALSE,FALSE,CdK0em,5,1280028,0.0011,0.18181818181818182,0.8454,25267,Grasby2020thickness,TRUE,reported,5,1280028,0.0281,5.612099644128114,1.927e-8,707522,Evangelou2018pp,TRUE,reported,co86tk,2,TRUE,5e-6,TRUE
rs2255055,T,C,T,C,-0.1259,-5e-4,0.3816,0.3796,FALSE,FALSE,FALSE,CdK0em,21,30537045,8e-4,-0.625,0.5505,32872,Grasby2020thickness,TRUE,reported,21,30537045,0.0211,-5.966824644549764,2.3169999999999998e-9,744815,Evangelou2018pp,TRUE,reported,co86tk,2,TRUE,5e-6,TRUE
rs2261608,T,A,T,A,-0.1704,0.0013,0.6488,0.6533,FALSE,TRUE,FALSE,CdK0em,12,48721634,8e-4,1.625,0.1027,32872,Grasby2020thickness,TRUE,reported,12,48721634,0.0213,-8,1.354e-15,745820,Evangelou2018pp,TRUE,reported,co86tk,2,TRUE,5e-6,TRUE
rs2288277,C,T,C,T,0.2645,0.0016,0.9096,0.9077,FALSE,FALSE,FALSE,CdK0em,17,46651061,0.0013,1.23077,0.2169,33089,Grasby2020thickness,TRUE,reported,17,46651061,0.036000000000000004,7.34722,2.161e-13,745818,Evangelou2018pp,TRUE,reported,co86tk,2,TRUE,5e-6,TRUE
rs2288937,G,A,G,A,-0.1527,0.0011,0.1679,0.1702,FALSE,FALSE,FALSE,CdK0em,19,10340912,0.0011,1,0.3081,29984,Grasby2020thickness,TRUE,reported,19,10340912,0.027999999999999997,-5.45357,5.0389999999999997e-8,742702,Evangelou2018pp,TRUE,reported,co86tk,2,TRUE,5e-6,TRUE
rs2289125,C,A,C,A,0.3847,6e-4,0.7798,0.7806,FALSE,FALSE,FALSE,CdK0em,11,89224453,9e-4,0.666667,0.5238,32680,Grasby2020thickness,TRUE,reported,11,89224453,0.0255,15.0863,1.8149999999999996e-51,728444,Evangelou2018pp,TRUE,reported,co86tk,2,TRUE,5e-6,TRUE
rs2289791,T,G,T,G,0.1191,-2e-4,0.2473,0.2534,FALSE,FALSE,FALSE,CdK0em,15,67476952,9e-4,-0.22222222222222224,0.8479,32872,Grasby2020thickness,TRUE,reported,15,67476952,0.0241,4.941908713692946,7.345e-7,744812,Evangelou2018pp,TRUE,reported,co86tk,2,TRUE,5e-6,TRUE
rs231708,C,G,C,G,-0.2098,-8e-4,0.6916,0.687,FALSE,TRUE,FALSE,CdK0em,4,2694773,8e-4,-1,0.3422,32512,Grasby2020thickness,TRUE,reported,4,2694773,0.0221,-9.493212669683256,2.603e-21,738169,Evangelou2018pp,TRUE,reported,co86tk,2,TRUE,5e-6,TRUE
rs2328473,A,G,A,G,-0.126,0.001,0.4017,0.405,FALSE,FALSE,FALSE,CdK0em,6,143638002,8e-4,1.25,0.2113,32243,Grasby2020thickness,TRUE,reported,6,143638002,0.0209,-6.028708133971293,1.7050000000000002e-9,738170,Evangelou2018pp,TRUE,reported,co86tk,2,TRUE,5e-6,TRUE
rs2344402,T,C,T,C,0.1496,0.001,0.5962,0.5929,FALSE,FALSE,FALSE,CdK0em,7,46248523,8e-4,1.25,0.2196,32872,Grasby2020thickness,TRUE,reported,7,46248523,0.0214,6.990654205607478,2.622e-12,737056,Evangelou2018pp,TRUE,reported,co86tk,2,TRUE,5e-6,TRUE
rs2354862,C,A,C,A,-0.1272,5e-4,0.3597,0.3481,FALSE,FALSE,FALSE,CdK0em,8,64501744,8e-4,0.625,0.4963,32872,Grasby2020thickness,TRUE,reported,8,64501744,0.0215,-5.91628,3.106e-9,729451,Evangelou2018pp,TRUE,reported,co86tk,2,TRUE,5e-6,TRUE
rs2358891,A,G,A,G,0.1593,0.0021,0.2455,0.2503,FALSE,FALSE,FALSE,CdK0em,2,175558804,9e-4,2.333333333333333,0.014780000000000001,32872,Grasby2020thickness,TRUE,reported,2,175558804,0.0241,6.609958506224066,4.0819999999999994e-11,738170,Evangelou2018pp,TRUE,reported,co86tk,2,TRUE,5e-6,TRUE
rs2375117,C,T,C,T,-0.0967,-3e-4,0.5973,0.6104,FALSE,FALSE,FALSE,CdK0em,2,137947200,8e-4,-0.375,0.6853,32872,Grasby2020thickness,TRUE,reported,2,137947200,0.0209,-4.62679,3.679e-6,737056,Evangelou2018pp,TRUE,reported,co86tk,2,TRUE,5e-6,TRUE
rs2395655,G,A,G,A,-0.1566,1e-4,0.3882,0.3956,FALSE,FALSE,FALSE,CdK0em,6,36645696,8e-4,0.125,0.897,32872,Grasby2020thickness,TRUE,reported,6,36645696,0.0211,-7.4218,1.077e-13,738170,Evangelou2018pp,TRUE,reported,co86tk,2,TRUE,5e-6,TRUE
rs2413485,T,C,T,C,-0.1068,0.0029,0.6142,0.6134,FALSE,FALSE,FALSE,CdK0em,22,38193920,8e-4,3.6249999999999996,1.715e-4,32512,Grasby2020thickness,TRUE,reported,22,38193920,0.021,-5.085714285714285,3.718e-7,744815,Evangelou2018pp,TRUE,reported,co86tk,2,TRUE,5e-6,TRUE
rs2431108,C,T,C,T,-0.1172,-1e-4,0.3275,0.3338,FALSE,FALSE,FALSE,CdK0em,5,103947968,8e-4,-0.125,0.9186,32872,Grasby2020thickness,TRUE,reported,5,103947968,0.0219,-5.3516,9.155e-8,736050,Evangelou2018pp,TRUE,reported,co86tk,2,TRUE,5e-6,TRUE
rs2434576,G,A,G,A,-0.1169,-1e-4,0.2884,0.281,FALSE,FALSE,FALSE,CdK0em,5,138917674,8e-4,-0.125,0.9173,32872,Grasby2020thickness,TRUE,reported,5,138917674,0.0229,-5.1048,3.225e-7,737163,Evangelou2018pp,TRUE,reported,co86tk,2,TRUE,5e-6,TRUE
rs245828,A,G,A,G,0.102,0,0.3081,0.3123,FALSE,FALSE,FALSE,CdK0em,5,142414146,8e-4,0,0.9536,32872,Grasby2020thickness,TRUE,reported,5,142414146,0.0222,4.594594594594594,4.561e-6,726431,Evangelou2018pp,TRUE,reported,co86tk,2,TRUE,5e-6,TRUE
rs249232,G,A,G,A,0.0961,7e-4,0.5983,0.5927,FALSE,FALSE,FALSE,CdK0em,5,68090834,8e-4,0.875,0.3318,32872,Grasby2020thickness,TRUE,reported,5,68090834,0.021,4.57619,4.458e-6,738170,Evangelou2018pp,TRUE,reported,co86tk,2,TRUE,5e-6,TRUE
rs2493134,C,T,C,T,0.1344,-4e-4,0.4068,0.4154,FALSE,FALSE,FALSE,CdK0em,1,230849359,8e-4,-0.5,0.5949,32872,Grasby2020thickness,TRUE,reported,1,230849359,0.0209,6.43062,1.351e-10,721188,Evangelou2018pp,TRUE,reported,co86tk,2,TRUE,5e-6,TRUE
rs2493296,T,C,T,C,0.1894,0,0.1424,0.1446,FALSE,FALSE,FALSE,CdK0em,1,3327032,0.0011,0,0.9822,30478,Grasby2020thickness,TRUE,reported,1,3327032,0.03,6.313333333333334,2.6410000000000005e-10,724085,Evangelou2018pp,TRUE,reported,co86tk,2,TRUE,5e-6,TRUE
rs2498323,A,G,A,G,0.2957,8e-4,0.0982,0.0969,FALSE,FALSE,FALSE,CdK0em,4,3451109,0.0013,0.6153846153846154,0.5347,32764,Grasby2020thickness,TRUE,reported,4,3451109,0.035,8.448571428571428,3.0719999999999997e-17,736057,Evangelou2018pp,TRUE,reported,co86tk,2,TRUE,5e-6,TRUE
rs2499533,C,T,C,T,0.1068,-2e-4,0.6557,0.6558,FALSE,FALSE,FALSE,CdK0em,1,61880686,8e-4,-0.25,0.8273,32680,Grasby2020thickness,TRUE,reported,1,61880686,0.0217,4.92166,8.852e-7,721188,Evangelou2018pp,TRUE,reported,co86tk,2,TRUE,5e-6,TRUE
rs251252,C,T,C,T,-0.1249,0.0011,0.6694,0.6539,FALSE,FALSE,FALSE,CdK0em,5,172485959,8e-4,1.375,0.1979,32333,Grasby2020thickness,TRUE,reported,5,172485959,0.022000000000000002,-5.67727,1.354e-8,734147,Evangelou2018pp,TRUE,reported,co86tk,2,TRUE,5e-6,TRUE
rs2540951,G,A,G,A,-0.2243,7e-4,0.3787,0.3864,FALSE,FALSE,FALSE,CdK0em,2,65276736,8e-4,0.875,0.3395,32872,Grasby2020thickness,TRUE,reported,2,65276736,0.021,-10.681,1.264e-26,738168,Evangelou2018pp,TRUE,reported,co86tk,2,TRUE,5e-6,TRUE
rs256824,T,C,T,C,-0.1408,-2e-4,0.2707,0.2772,FALSE,FALSE,FALSE,CdK0em,5,155933860,9e-4,-0.22222222222222224,0.8603,32872,Grasby2020thickness,TRUE,reported,5,155933860,0.0232,-6.06896551724138,1.359e-9,726888,Evangelou2018pp,TRUE,reported,co86tk,2,TRUE,5e-6,TRUE
rs2569880,A,C,A,C,-0.0993,0.0021,0.4442,0.4421,FALSE,FALSE,FALSE,CdK0em,6,1618966,8e-4,2.6249999999999996,0.0107,32404,Grasby2020thickness,TRUE,reported,6,1618966,0.0215,-4.618604651162791,3.7810000000000003e-6,728445,Evangelou2018pp,TRUE,reported,co86tk,2,TRUE,5e-6,TRUE
rs2610990,G,A,G,A,0.1586,8e-4,0.7364,0.7369,FALSE,FALSE,FALSE,CdK0em,4,18008232,9e-4,0.888889,0.3401,32872,Grasby2020thickness,TRUE,reported,4,18008232,0.0233,6.80687,1.0550000000000002e-11,735152,Evangelou2018pp,TRUE,reported,co86tk,2,TRUE,5e-6,TRUE
rs2620840,A,G,A,G,-0.1294,6e-4,0.2179,0.2149,FALSE,FALSE,FALSE,CdK0em,19,5130876,9e-4,0.6666666666666666,0.5265,32441,Grasby2020thickness,TRUE,reported,19,5130876,0.0255,-5.074509803921568,3.8549999999999995e-7,744814,Evangelou2018pp,TRUE,reported,co86tk,2,TRUE,5e-6,TRUE
rs263017,G,A,G,A,-0.1356,1e-4,0.5047,0.5179,FALSE,FALSE,FALSE,CdK0em,3,183503017,8e-4,0.125,0.8711,31046,Grasby2020thickness,TRUE,reported,3,183503017,0.0204,-6.64706,3.23e-11,738170,Evangelou2018pp,TRUE,reported,co86tk,2,TRUE,5e-6,TRUE
rs263532,C,T,C,T,-0.1186,-5e-4,0.4244,0.4306,FALSE,FALSE,FALSE,CdK0em,1,2164116,8e-4,-0.625,0.5294,32872,Grasby2020thickness,TRUE,reported,1,2164116,0.0208,-5.70192,1.246e-8,735052,Evangelou2018pp,TRUE,reported,co86tk,2,TRUE,5e-6,TRUE
rs2727268,G,A,G,A,-0.1962,8e-4,0.0695,0.0705,FALSE,FALSE,FALSE,CdK0em,11,61707645,0.0015,0.533333,0.6217,32404,Grasby2020thickness,TRUE,reported,11,61707645,0.0413,-4.75061,2.0709999999999997e-6,738168,Evangelou2018pp,TRUE,reported,co86tk,2,TRUE,5e-6,TRUE
rs273956,G,A,G,A,0.1042,-2e-4,0.5739,0.5694,FALSE,FALSE,FALSE,CdK0em,7,137603188,8e-4,-0.25,0.8323,32680,Grasby2020thickness,TRUE,reported,7,137603188,0.021,4.9619,6.993e-7,737165,Evangelou2018pp,TRUE,reported,co86tk,2,TRUE,5e-6,TRUE
rs2815063,A,C,A,C,0.1681,-9e-4,0.1315,0.1333,FALSE,FALSE,FALSE,CdK0em,6,39262535,0.0012,-0.75,0.4273,32872,Grasby2020thickness,TRUE,reported,6,39262535,0.0311,5.405144694533762,6.261e-8,736049,Evangelou2018pp,TRUE,reported,co86tk,2,TRUE,5e-6,TRUE
rs2820443,C,T,C,T,-0.1857,-9e-4,0.2911,0.2897,FALSE,FALSE,FALSE,CdK0em,1,219753509,8e-4,-1.125,0.3104,32872,Grasby2020thickness,TRUE,reported,1,219753509,0.0224,-8.29018,1.297e-16,738169,Evangelou2018pp,TRUE,reported,co86tk,2,TRUE,5e-6,TRUE
rs2834440,A,G,A,G,0.1174,-0,0.6204,0.6175,FALSE,FALSE,FALSE,CdK0em,21,35690499,8e-4,-0,0.9639,32872,Grasby2020thickness,TRUE,reported,21,35690499,0.021,5.59047619047619,2.274e-8,745820,Evangelou2018pp,TRUE,reported,co86tk,2,TRUE,5e-6,TRUE
rs28374392,T,C,T,C,0.1152,3e-4,0.6222,0.6195,FALSE,FALSE,FALSE,CdK0em,20,61189717,9e-4,0.3333333333333333,0.758,26333,Grasby2020thickness,TRUE,reported,20,61189717,0.0231,4.987012987012987,6.126e-7,678027,Evangelou2018pp,TRUE,reported,co86tk,2,TRUE,5e-6,TRUE
rs28418670,C,G,C,G,-0.1335,0.002,0.4395,0.4365,FALSE,TRUE,TRUE,CdK0em,4,77365883,8e-4,2.5,0.01097,32872,Grasby2020thickness,TRUE,reported,4,77371434,0.0206,-6.480582524271845,8.685e-11,738170,Evangelou2018pp,TRUE,reported,co86tk,2,FALSE,5e-6,TRUE
rs28499085,G,A,G,A,-0.1569,-3e-4,0.2746,0.2769,FALSE,FALSE,FALSE,CdK0em,8,110107161,8e-4,-0.375,0.7083,32872,Grasby2020thickness,TRUE,reported,8,110107161,0.023,-6.82174,9.35e-12,734942,Evangelou2018pp,TRUE,reported,co86tk,2,TRUE,5e-6,TRUE
rs28572357,C,A,C,A,0.1504,3e-4,0.3971,0.3884,FALSE,FALSE,FALSE,CdK0em,19,31867447,8e-4,0.375,0.7112,32872,Grasby2020thickness,TRUE,reported,19,31867447,0.0209,7.19617,6.826e-13,741283,Evangelou2018pp,TRUE,reported,co86tk,2,TRUE,5e-6,TRUE
rs28651151,G,T,G,T,-0.1448,-9e-4,0.2752,0.2741,FALSE,FALSE,FALSE,CdK0em,16,83413352,9e-4,-1,0.2818,32872,Grasby2020thickness,TRUE,reported,16,83413352,0.0231,-6.2684,3.5889999999999997e-10,740089,Evangelou2018pp,TRUE,reported,co86tk,2,TRUE,5e-6,TRUE
rs28702684,C,G,C,G,-0.1347,0.0012,0.4977,0.4949,FALSE,TRUE,TRUE,CdK0em,4,38395000,8e-4,1.4999999999999998,0.1105,32872,Grasby2020thickness,TRUE,reported,4,38395515,0.0205,-6.570731707317072,4.757e-11,735152,Evangelou2018pp,TRUE,reported,co86tk,2,FALSE,5e-6,TRUE
rs2953930,T,C,T,C,0.1712,4e-4,0.1324,0.1264,FALSE,FALSE,FALSE,CdK0em,8,34150243,0.0011,0.36363636363636365,0.7204,33281,Grasby2020thickness,TRUE,reported,8,34150243,0.0304,5.63157894736842,1.756e-8,729906,Evangelou2018pp,TRUE,reported,co86tk,2,TRUE,5e-6,TRUE
rs2969036,G,T,G,T,-0.1308,8e-4,0.693,0.6927,FALSE,FALSE,FALSE,CdK0em,7,2534901,9e-4,0.888889,0.3653,32188,Grasby2020thickness,TRUE,reported,7,2534901,0.023,-5.68696,1.357e-8,735051,Evangelou2018pp,TRUE,reported,co86tk,2,TRUE,5e-6,TRUE
rs2971669,T,C,T,C,0.1357,-0.0011,0.219,0.2165,FALSE,FALSE,FALSE,CdK0em,7,44231778,9e-4,-1.2222222222222223,0.2186,32872,Grasby2020thickness,TRUE,reported,7,44231778,0.0251,5.4063745019920315,6.271e-8,736109,Evangelou2018pp,TRUE,reported,co86tk,2,TRUE,5e-6,TRUE
rs2973133,G,A,G,A,0.1068,0.0016,0.4243,0.4286,FALSE,FALSE,FALSE,CdK0em,5,119786253,8e-4,2,0.04362,32872,Grasby2020thickness,TRUE,reported,5,119786253,0.0207,5.15942,2.453e-7,738169,Evangelou2018pp,TRUE,reported,co86tk,2,TRUE,5e-6,TRUE
rs2978456,C,T,C,T,0.1781,-0.0019,0.4487,0.4527,FALSE,FALSE,FALSE,CdK0em,8,42324765,9e-4,-2.11111,0.02907,26996,Grasby2020thickness,TRUE,reported,8,42324765,0.0212,8.40094,5.143e-17,732766,Evangelou2018pp,TRUE,reported,co86tk,2,TRUE,5e-6,TRUE
rs2983896,A,G,A,G,0.2127,0.0011,0.2185,0.2242,FALSE,FALSE,FALSE,CdK0em,6,97029871,9e-4,1.2222222222222223,0.2239,32872,Grasby2020thickness,TRUE,reported,6,97029871,0.0249,8.542168674698795,1.2590000000000002e-17,737054,Evangelou2018pp,TRUE,reported,co86tk,2,TRUE,5e-6,TRUE
rs2997336,A,G,A,G,-0.1017,-0.0015,0.5363,0.5365,FALSE,FALSE,FALSE,CdK0em,1,41868738,8e-4,-1.875,0.054920000000000004,32872,Grasby2020thickness,TRUE,reported,1,41868738,0.0206,-4.936893203883495,7.785999999999999e-7,737164,Evangelou2018pp,TRUE,reported,co86tk,2,TRUE,5e-6,TRUE
rs3006576,C,T,C,T,-0.1923,-3e-4,0.296,0.2954,FALSE,FALSE,FALSE,CdK0em,10,31244928,8e-4,-0.375,0.6992,32872,Grasby2020thickness,TRUE,reported,10,31244928,0.0224,-8.58482,9.05e-18,738168,Evangelou2018pp,TRUE,reported,co86tk,2,TRUE,5e-6,TRUE
rs30232,A,G,A,G,-0.1234,-5e-4,0.5825,0.5817,FALSE,FALSE,FALSE,CdK0em,16,14401962,8e-4,-0.625,0.5065,32512,Grasby2020thickness,TRUE,reported,16,14401962,0.0209,-5.904306220095694,3.37e-9,744814,Evangelou2018pp,TRUE,reported,co86tk,2,TRUE,5e-6,TRUE
rs307359,G,A,G,A,0.3344,0.0042,0.9312,0.923,FALSE,FALSE,FALSE,CdK0em,1,1280014,0.0016,2.625,0.00742,28837,Grasby2020thickness,TRUE,reported,1,1280014,0.0442,7.56561,3.923e-14,672751,Evangelou2018pp,TRUE,reported,co86tk,2,TRUE,5e-6,TRUE
rs3098186,T,C,T,C,-0.1735,-9e-4,0.5156,0.5097,FALSE,FALSE,FALSE,CdK0em,15,50810621,8e-4,-1.125,0.2488,32872,Grasby2020thickness,TRUE,reported,15,50810621,0.0207,-8.381642512077294,4.4030000000000004e-17,745820,Evangelou2018pp,TRUE,reported,co86tk,2,TRUE,5e-6,TRUE
rs3134950,A,C,A,C,0.2928,-0.0017,0.6242,0.6187,FALSE,FALSE,FALSE,CdK0em,6,32127477,0.001,-1.7,0.08774,21408,Grasby2020thickness,TRUE,reported,6,32127477,0.0222,13.18918918918919,8.155e-40,712290,Evangelou2018pp,TRUE,reported,co86tk,2,TRUE,5e-6,TRUE
rs315399,A,C,A,C,0.1189,-1e-4,0.7865,0.7862,FALSE,FALSE,FALSE,CdK0em,4,73746419,9e-4,-0.11111111111111112,0.9446,33281,Grasby2020thickness,TRUE,reported,4,73746419,0.025,4.756,1.934e-6,738169,Evangelou2018pp,TRUE,reported,co86tk,2,TRUE,5e-6,TRUE
rs3191402,A,G,A,G,-0.105,-6e-4,0.4071,0.4026,FALSE,FALSE,FALSE,CdK0em,15,59429160,8e-4,-0.7499999999999999,0.4697,31360,Grasby2020thickness,TRUE,reported,15,59429160,0.0211,-4.976303317535545,6.872e-7,737101,Evangelou2018pp,TRUE,reported,co86tk,2,TRUE,5e-6,TRUE
rs324075,G,A,G,A,-0.2009,-0.0025,0.1869,0.1926,FALSE,FALSE,FALSE,CdK0em,17,41026523,0.0011,-2.27273,0.023540000000000002,30216,Grasby2020thickness,TRUE,reported,17,41026523,0.0276,-7.27899,3.522e-13,734978,Evangelou2018pp,TRUE,reported,co86tk,2,TRUE,5e-6,TRUE
rs340219,C,T,C,T,-0.1049,0,0.6081,0.6022,FALSE,FALSE,FALSE,CdK0em,13,60470372,8e-4,0,0.9824,32680,Grasby2020thickness,TRUE,reported,13,60470372,0.021,-4.99524,6.106e-7,745817,Evangelou2018pp,TRUE,reported,co86tk,2,TRUE,5e-6,TRUE
rs34277534,A,G,A,G,0.1371,-0.001,0.8378,0.8354,FALSE,FALSE,FALSE,CdK0em,8,78803394,0.001,-1,0.3168,32872,Grasby2020thickness,TRUE,reported,8,78803394,0.0278,4.931654676258993,8.068e-7,737055,Evangelou2018pp,TRUE,reported,co86tk,2,TRUE,5e-6,TRUE
rs34294937,A,T,A,T,0.1293,-0.0011,0.2177,0.2222,FALSE,TRUE,FALSE,CdK0em,16,49883927,9e-4,-1.2222222222222223,0.23800000000000002,32872,Grasby2020thickness,TRUE,reported,16,49883927,0.0252,5.1309523809523805,2.9e-7,745819,Evangelou2018pp,TRUE,reported,co86tk,2,TRUE,5e-6,TRUE
rs34413141,A,T,A,T,-0.162,8e-4,0.1824,0.1884,FALSE,TRUE,FALSE,CdK0em,18,777282,0.001,0.8,0.4507,32872,Grasby2020thickness,TRUE,reported,18,777282,0.0267,-6.067415730337078,1.385e-9,745818,Evangelou2018pp,TRUE,reported,co86tk,2,TRUE,5e-6,TRUE
rs34493126,G,A,G,A,-0.1012,-8e-4,0.3756,0.3765,FALSE,FALSE,FALSE,CdK0em,2,105992862,8e-4,-1,0.2892,32872,Grasby2020thickness,TRUE,reported,2,105992862,0.0211,-4.79621,1.566e-6,737164,Evangelou2018pp,TRUE,reported,co86tk,2,TRUE,5e-6,TRUE
rs34587622,T,C,T,C,-0.2084,-0.0014,0.1097,0.1092,FALSE,FALSE,FALSE,CdK0em,17,75398498,0.0015,-0.9333333333333333,0.3522,28124,Grasby2020thickness,TRUE,reported,17,75398498,0.035,-5.954285714285714,2.488e-9,740085,Evangelou2018pp,TRUE,reported,co86tk,2,TRUE,5e-6,TRUE
rs34587684,T,C,T,C,0.1448,0.0013,0.2042,0.2024,FALSE,FALSE,FALSE,CdK0em,9,85076420,9e-4,1.4444444444444444,0.1629,32872,Grasby2020thickness,TRUE,reported,9,85076420,0.0254,5.700787401574804,1.146e-8,745818,Evangelou2018pp,TRUE,reported,co86tk,2,TRUE,5e-6,TRUE
rs34630398,T,C,T,C,0.2188,0.001,0.065,0.0671,FALSE,FALSE,FALSE,CdK0em,6,7140380,0.0016,0.625,0.5269,32872,Grasby2020thickness,TRUE,reported,6,7140380,0.0426,5.136150234741784,2.802e-7,738169,Evangelou2018pp,TRUE,reported,co86tk,2,TRUE,5e-6,TRUE
rs34917849,C,G,C,G,0.2846,4e-4,0.127,0.1255,FALSE,TRUE,FALSE,CdK0em,8,95278307,0.0011,0.36363636363636365,0.7396,32872,Grasby2020thickness,TRUE,reported,8,95278307,0.0308,9.24025974025974,2.52e-20,738168,Evangelou2018pp,TRUE,reported,co86tk,2,TRUE,5e-6,TRUE
rs351260,A,G,A,G,0.1025,-0.0011,0.3379,0.3342,FALSE,FALSE,FALSE,CdK0em,5,141309824,8e-4,-1.375,0.1793,30946,Grasby2020thickness,TRUE,reported,5,141309824,0.0217,4.723502304147465,2.28e-6,735152,Evangelou2018pp,TRUE,reported,co86tk,2,TRUE,5e-6,TRUE
rs35429,G,A,G,A,-0.1777,-5e-4,0.3869,0.3986,FALSE,FALSE,FALSE,CdK0em,12,115555867,8e-4,-0.625,0.5148,32101,Grasby2020thickness,TRUE,reported,12,115555867,0.0212,-8.38208,4.943e-17,745819,Evangelou2018pp,TRUE,reported,co86tk,2,TRUE,5e-6,TRUE
rs35680304,T,C,T,C,0.1848,3e-4,0.593,0.589,FALSE,FALSE,FALSE,CdK0em,7,130973495,8e-4,0.37499999999999994,0.7164,32872,Grasby2020thickness,TRUE,reported,7,130973495,0.021,8.799999999999999,1.5949999999999998e-18,736051,Evangelou2018pp,TRUE,reported,co86tk,2,TRUE,5e-6,TRUE
rs36047283,G,A,G,A,-0.3743,0.0016,0.1235,0.1209,FALSE,FALSE,FALSE,CdK0em,19,7255701,0.0014,1.14286,0.2676,22245,Grasby2020thickness,TRUE,reported,19,7255701,0.0334,-11.2066,3.420000000000001e-29,722428,Evangelou2018pp,TRUE,reported,co86tk,2,TRUE,5e-6,TRUE
rs365112,G,C,G,C,-0.1207,-3e-4,0.2344,0.2352,FALSE,TRUE,FALSE,CdK0em,17,30065635,9e-4,-0.333333,0.7675,32872,Grasby2020thickness,TRUE,reported,17,30065635,0.0248,-4.86694,1.118e-6,743700,Evangelou2018pp,TRUE,reported,co86tk,2,TRUE,5e-6,TRUE
rs365990,G,A,G,A,-0.3079,-6e-4,0.3663,0.3701,FALSE,FALSE,FALSE,CdK0em,14,23861811,8e-4,-0.75,0.4452,32872,Grasby2020thickness,TRUE,reported,14,23861811,0.0213,-14.4554,1.7510000000000001e-47,745820,Evangelou2018pp,TRUE,reported,co86tk,2,TRUE,5e-6,TRUE
rs37060,A,G,A,G,0.1489,8e-4,0.2465,0.2492,FALSE,FALSE,FALSE,CdK0em,16,58566304,9e-4,0.888888888888889,0.3611,32872,Grasby2020thickness,TRUE,reported,16,58566304,0.0237,6.282700421940929,3.1219999999999997e-10,742756,Evangelou2018pp,TRUE,reported,co86tk,2,TRUE,5e-6,TRUE
rs3742182,T,C,T,C,-0.1863,-0.0026,0.8101,0.8111,FALSE,FALSE,FALSE,CdK0em,13,111375132,9e-4,-2.888888888888889,0.0060609999999999995,32872,Grasby2020thickness,TRUE,reported,13,111375132,0.0261,-7.137931034482758,9.001e-13,744815,Evangelou2018pp,TRUE,reported,co86tk,2,TRUE,5e-6,TRUE
rs3753802,T,C,T,C,0.1161,-2e-4,0.6028,0.5997,FALSE,FALSE,FALSE,CdK0em,1,180140096,8e-4,-0.25,0.775,32872,Grasby2020thickness,TRUE,reported,1,180140096,0.0209,5.555023923444976,2.7110000000000003e-8,737055,Evangelou2018pp,TRUE,reported,co86tk,2,TRUE,5e-6,TRUE
rs3760994,A,G,A,G,-0.14400000000000002,-0,0.4916,0.4869,FALSE,FALSE,FALSE,CdK0em,19,1435771,9e-4,-0,0.9562,26666,Grasby2020thickness,TRUE,reported,19,1435771,0.0218,-6.605504587155964,4.268e-11,722074,Evangelou2018pp,TRUE,reported,co86tk,2,TRUE,5e-6,TRUE
rs3762947,G,A,G,A,0.1325,0.0012,0.1757,0.1786,FALSE,FALSE,FALSE,CdK0em,4,107236648,0.001,1.2,0.2016,32872,Grasby2020thickness,TRUE,reported,4,107236648,0.0269,4.92565,8.334999999999999e-7,735152,Evangelou2018pp,TRUE,reported,co86tk,2,TRUE,5e-6,TRUE
rs3780190,G,A,G,A,0.1406,-2e-4,0.5365,0.5318,FALSE,FALSE,FALSE,CdK0em,9,139099073,8e-4,-0.25,0.7872,32764,Grasby2020thickness,TRUE,reported,9,139099073,0.0208,6.75962,1.353e-11,743707,Evangelou2018pp,TRUE,reported,co86tk,2,TRUE,5e-6,TRUE
rs3784790,C,G,C,G,-0.1544,-0.0013,0.7324,0.728,FALSE,TRUE,FALSE,CdK0em,15,75081745,9e-4,-1.4444444444444444,0.1247,32680,Grasby2020thickness,TRUE,reported,15,75081745,0.0231,-6.683982683982685,2.368e-11,743761,Evangelou2018pp,TRUE,reported,co86tk,2,TRUE,5e-6,TRUE
rs3796205,C,G,C,G,-0.1211,-1e-4,0.357,0.3598,FALSE,TRUE,FALSE,CdK0em,3,124639344,8e-4,-0.125,0.8889,32872,Grasby2020thickness,TRUE,reported,3,124639344,0.0216,-5.606481481481481,2.031e-8,732174,Evangelou2018pp,TRUE,reported,co86tk,2,TRUE,5e-6,TRUE
rs3819532,C,T,C,T,0.1337,-5e-4,0.6088,0.6109,FALSE,FALSE,FALSE,CdK0em,12,2436837,8e-4,-0.625,0.5095,32680,Grasby2020thickness,TRUE,reported,12,2436837,0.0209,6.39713,1.4519999999999997e-10,744814,Evangelou2018pp,TRUE,reported,co86tk,2,TRUE,5e-6,TRUE
rs3827920,T,G,T,G,-0.1092,-1e-4,0.3377,0.3408,FALSE,FALSE,FALSE,CdK0em,14,22869599,8e-4,-0.125,0.9154,32872,Grasby2020thickness,TRUE,reported,14,22869599,0.0216,-5.055555555555555,4.1039999999999997e-7,745819,Evangelou2018pp,TRUE,reported,co86tk,2,TRUE,5e-6,TRUE
rs3845811,G,C,G,C,0.1613,0.0012,0.4339,0.4449,FALSE,TRUE,TRUE,CdK0em,2,208527538,8e-4,1.4999999999999998,0.1107,31514,Grasby2020thickness,TRUE,reported,2,208521512,0.021,7.68095,1.582e-14,737165,Evangelou2018pp,TRUE,reported,co86tk,2,FALSE,5e-6,TRUE
rs385437,G,A,G,A,-0.1626,6e-4,0.1397,0.1446,FALSE,FALSE,FALSE,CdK0em,1,86822231,0.001,0.6,0.5985,32872,Grasby2020thickness,TRUE,reported,1,86822231,0.0297,-5.47475,4.511e-8,729907,Evangelou2018pp,TRUE,reported,co86tk,2,TRUE,5e-6,TRUE
rs3913371,C,T,C,T,-0.1159,4e-4,0.7887,0.7936,FALSE,FALSE,FALSE,CdK0em,3,152042244,9e-4,0.444444,0.7020000000000001,32872,Grasby2020thickness,TRUE,reported,3,152042244,0.0252,-4.59921,4.2000000000000004e-6,738168,Evangelou2018pp,TRUE,reported,co86tk,2,TRUE,5e-6,TRUE
rs3915425,C,T,C,T,-0.1913,-1e-4,0.3182,0.3187,FALSE,FALSE,FALSE,CdK0em,16,15912544,8e-4,-0.125,0.9406,32872,Grasby2020thickness,TRUE,reported,16,15912544,0.022000000000000002,-8.69545,3.999e-18,745819,Evangelou2018pp,TRUE,reported,co86tk,2,TRUE,5e-6,TRUE
rs4030390,G,C,G,C,0.1047,-0.0021,0.5664,0.5297,FALSE,TRUE,TRUE,CdK0em,16,86436343,8e-4,-2.6249999999999996,0.006449,32872,Grasby2020thickness,TRUE,reported,16,86436539,0.021,4.98571,5.819e-7,744814,Evangelou2018pp,TRUE,reported,co86tk,2,FALSE,5e-6,TRUE
rs4075289,T,G,T,G,0.1539,1e-4,0.707,0.7011,FALSE,FALSE,FALSE,CdK0em,11,830670,8e-4,0.125,0.9403,31889,Grasby2020thickness,TRUE,reported,11,830670,0.0233,6.605150214592275,4.1200000000000004e-11,709131,Evangelou2018pp,TRUE,reported,co86tk,2,TRUE,5e-6,TRUE
rs4076789,A,G,A,G,-0.1281,-7e-4,0.2659,0.2712,FALSE,FALSE,FALSE,CdK0em,4,15372325,9e-4,-0.7777777777777778,0.3895,32872,Grasby2020thickness,TRUE,reported,4,15372325,0.0231,-5.545454545454545,2.927e-8,738169,Evangelou2018pp,TRUE,reported,co86tk,2,TRUE,5e-6,TRUE
rs4077158,C,T,C,T,0.1013,0,0.5292,0.525,FALSE,FALSE,FALSE,CdK0em,3,133942941,8e-4,0,0.9489,32512,Grasby2020thickness,TRUE,reported,3,133942941,0.0205,4.94146,7.376e-7,738170,Evangelou2018pp,TRUE,reported,co86tk,2,TRUE,5e-6,TRUE
rs42377,A,G,A,G,-0.3175,0.001,0.3044,0.3033,FALSE,FALSE,FALSE,CdK0em,7,92243672,8e-4,1.25,0.2379,32872,Grasby2020thickness,TRUE,reported,7,92243672,0.0225,-14.111111111111112,2.417e-45,726789,Evangelou2018pp,TRUE,reported,co86tk,2,TRUE,5e-6,TRUE
rs4245599,G,A,G,A,0.1548,7e-4,0.5421,0.5449,FALSE,FALSE,FALSE,CdK0em,10,60365755,8e-4,0.875,0.3745,32872,Grasby2020thickness,TRUE,reported,10,60365755,0.0207,7.47826,7.699999999999999e-14,738169,Evangelou2018pp,TRUE,reported,co86tk,2,TRUE,5e-6,TRUE
rs4287430,T,A,T,A,0.1143,5e-4,0.5619,0.553,FALSE,TRUE,TRUE,CdK0em,13,94417872,8e-4,0.625,0.5144,32872,Grasby2020thickness,TRUE,reported,13,94417872,0.0209,5.4689,4.5519999999999993e-8,744814,Evangelou2018pp,TRUE,reported,co86tk,2,FALSE,5e-6,TRUE
rs4304924,A,G,A,G,-0.1198,-1e-4,0.5677,0.5672,FALSE,FALSE,FALSE,CdK0em,13,79238925,8e-4,-0.125,0.9085,32872,Grasby2020thickness,TRUE,reported,13,79238925,0.0208,-5.759615384615385,8.668e-9,743701,Evangelou2018pp,TRUE,reported,co86tk,2,TRUE,5e-6,TRUE
rs4306914,G,C,G,C,0.1376,3e-4,0.1585,0.1571,FALSE,TRUE,FALSE,CdK0em,4,156942109,0.0011,0.272727,0.8170000000000001,32512,Grasby2020thickness,TRUE,reported,4,156942109,0.0288,4.77778,1.8590000000000001e-6,737163,Evangelou2018pp,TRUE,reported,co86tk,2,TRUE,5e-6,TRUE
rs4347920,C,A,C,A,0.1263,6e-4,0.5966,0.5953,FALSE,FALSE,FALSE,CdK0em,20,6668823,8e-4,0.75,0.4203,32872,Grasby2020thickness,TRUE,reported,20,6668823,0.0211,5.98578,2.226e-9,743700,Evangelou2018pp,TRUE,reported,co86tk,2,TRUE,5e-6,TRUE
rs4360494,C,G,C,G,0.2978,-0.0015,0.5513,0.5543,FALSE,TRUE,TRUE,CdK0em,1,38461319,9e-4,-1.6666666666666667,0.09141,28913,Grasby2020thickness,TRUE,reported,1,38455891,0.0215,13.851162790697677,1.29e-43,729068,Evangelou2018pp,TRUE,reported,co86tk,2,FALSE,5e-6,TRUE
rs439523,C,T,C,T,0.1041,7e-4,0.5179,0.5043,FALSE,FALSE,FALSE,CdK0em,19,49236102,8e-4,0.875,0.3929,32643,Grasby2020thickness,TRUE,reported,19,49236102,0.0206,5.0534,4.1939999999999996e-7,744706,Evangelou2018pp,TRUE,reported,co86tk,2,TRUE,5e-6,TRUE
rs4440615,A,G,A,G,-0.2492,0.0015,0.632,0.6325,FALSE,FALSE,FALSE,CdK0em,8,141057641,8e-4,1.875,0.052860000000000004,32872,Grasby2020thickness,TRUE,reported,8,141057641,0.0212,-11.754716981132075,8.224e-32,738170,Evangelou2018pp,TRUE,reported,co86tk,2,TRUE,5e-6,TRUE
rs4441458,C,T,C,T,0.1289,-2e-4,0.7171,0.7115,FALSE,FALSE,FALSE,CdK0em,2,228293218,9e-4,-0.222222,0.8412,31322,Grasby2020thickness,TRUE,reported,2,228293218,0.0227,5.67841,1.42e-8,738170,Evangelou2018pp,TRUE,reported,co86tk,2,TRUE,5e-6,TRUE
rs4491476,A,G,A,G,-0.1678,0.0014,0.4097,0.4094,FALSE,FALSE,FALSE,CdK0em,15,79157405,8e-4,1.75,0.06445,32872,Grasby2020thickness,TRUE,reported,15,79157405,0.0211,-7.95260663507109,1.886e-15,737101,Evangelou2018pp,TRUE,reported,co86tk,2,TRUE,5e-6,TRUE
rs4551303,C,T,C,T,0.1873,-0.0011,0.6835,0.6794,FALSE,FALSE,FALSE,CdK0em,8,92201163,8e-4,-1.375,0.1676,32680,Grasby2020thickness,TRUE,reported,8,92201163,0.0221,8.47511,2.064e-17,738168,Evangelou2018pp,TRUE,reported,co86tk,2,TRUE,5e-6,TRUE
rs4553000,T,C,T,C,-0.1464,-0.001,0.5139,0.5151,FALSE,FALSE,FALSE,CdK0em,9,34223553,8e-4,-1.25,0.1863,32872,Grasby2020thickness,TRUE,reported,9,34223553,0.0204,-7.1764705882352935,7.468e-13,745820,Evangelou2018pp,TRUE,reported,co86tk,2,TRUE,5e-6,TRUE
rs4559481,G,A,G,A,0.1174,5e-4,0.5181,0.5058,FALSE,FALSE,FALSE,CdK0em,1,193526470,8e-4,0.625,0.5136,32639,Grasby2020thickness,TRUE,reported,1,193526470,0.021,5.59048,2.302e-8,737164,Evangelou2018pp,TRUE,reported,co86tk,2,TRUE,5e-6,TRUE
rs4578606,C,G,C,G,0.1551,-4e-4,0.1469,0.1426,FALSE,TRUE,FALSE,CdK0em,15,81317292,0.0012,-0.33333333333333337,0.7490000000000001,32410,Grasby2020thickness,TRUE,reported,15,81317292,0.0295,5.257627118644067,1.437e-7,745820,Evangelou2018pp,TRUE,reported,co86tk,2,TRUE,5e-6,TRUE
rs4594944,A,G,A,G,-0.1256,-7e-4,0.6841,0.6798,FALSE,FALSE,FALSE,CdK0em,6,36840767,8e-4,-0.875,0.4301,32872,Grasby2020thickness,TRUE,reported,6,36840767,0.0221,-5.6832579185520355,1.3780000000000002e-8,737165,Evangelou2018pp,TRUE,reported,co86tk,2,TRUE,5e-6,TRUE
rs4651469,G,A,G,A,0.1009,-5e-4,0.5195,0.5139,FALSE,FALSE,FALSE,CdK0em,1,188565983,8e-4,-0.625,0.491,32680,Grasby2020thickness,TRUE,reported,1,188565983,0.0206,4.89806,9.769e-7,734294,Evangelou2018pp,TRUE,reported,co86tk,2,TRUE,5e-6,TRUE
rs4652875,G,C,G,C,-0.1096,0,0.5779,0.5775,FALSE,TRUE,TRUE,CdK0em,1,33852456,8e-4,0,0.9972,32872,Grasby2020thickness,TRUE,reported,1,33868469,0.0207,-5.29469,1.253e-7,738170,Evangelou2018pp,TRUE,reported,co86tk,2,FALSE,5e-6,TRUE
rs4664080,A,G,A,G,-0.135,6e-4,0.3978,0.3991,FALSE,FALSE,FALSE,CdK0em,2,152978341,8e-4,0.7499999999999999,0.4711,32872,Grasby2020thickness,TRUE,reported,2,152978341,0.0209,-6.4593301435406705,1.029e-10,738169,Evangelou2018pp,TRUE,reported,co86tk,2,TRUE,5e-6,TRUE
rs4672081,T,C,T,C,-0.142,-6e-4,0.565,0.5636,FALSE,FALSE,FALSE,CdK0em,2,56192818,8e-4,-0.7499999999999999,0.413,32872,Grasby2020thickness,TRUE,reported,2,56192818,0.0206,-6.893203883495145,4.977e-12,738170,Evangelou2018pp,TRUE,reported,co86tk,2,TRUE,5e-6,TRUE
rs4674114,G,A,G,A,0.2116,8e-4,0.799,0.7989,FALSE,FALSE,FALSE,CdK0em,2,217659266,9e-4,0.888889,0.387,31514,Grasby2020thickness,TRUE,reported,2,217659266,0.0256,8.26562,1.283e-16,738167,Evangelou2018pp,TRUE,reported,co86tk,2,TRUE,5e-6,TRUE
rs4691670,T,C,T,C,-0.2359,2e-4,0.5329,0.5325,FALSE,FALSE,FALSE,CdK0em,4,156403247,8e-4,0.25,0.7593,32512,Grasby2020thickness,TRUE,reported,4,156403247,0.0205,-11.50731707317073,1.113e-30,738170,Evangelou2018pp,TRUE,reported,co86tk,2,TRUE,5e-6,TRUE
rs4749721,G,C,G,C,0.1735,3e-4,0.9043,0.904,FALSE,TRUE,FALSE,CdK0em,10,5663839,0.0013,0.230769,0.7929,32921,Grasby2020thickness,TRUE,reported,10,5663839,0.0352,4.92898,8.104000000000001e-7,738169,Evangelou2018pp,TRUE,reported,co86tk,2,TRUE,5e-6,TRUE
rs4788913,A,G,A,G,0.1006,-0.0017,0.6603,0.6529,FALSE,FALSE,FALSE,CdK0em,17,73950216,8e-4,-2.125,0.02815,32771,Grasby2020thickness,TRUE,reported,17,73950216,0.0216,4.6574074074074066,3.1989999999999998e-6,745819,Evangelou2018pp,TRUE,reported,co86tk,2,TRUE,5e-6,TRUE
rs4796514,C,T,C,T,0.2313,-9e-4,0.3914,0.3893,FALSE,FALSE,FALSE,CdK0em,17,6475090,8e-4,-1.125,0.2322,32872,Grasby2020thickness,TRUE,reported,17,6475090,0.021,11.0143,4.113e-28,745820,Evangelou2018pp,TRUE,reported,co86tk,2,TRUE,5e-6,TRUE
rs4819852,A,G,A,G,0.2486,-1e-4,0.2871,0.2885,FALSE,FALSE,FALSE,CdK0em,22,19988167,8e-4,-0.125,0.8825,32764,Grasby2020thickness,TRUE,reported,22,19988167,0.0228,10.903508771929824,8.732999999999998e-28,741588,Evangelou2018pp,TRUE,reported,co86tk,2,TRUE,5e-6,TRUE
rs4842266,A,G,A,G,-0.1675,-0.0012,0.6862,0.6804,FALSE,FALSE,FALSE,CdK0em,12,79951566,8e-4,-1.4999999999999998,0.1504,32110,Grasby2020thickness,TRUE,reported,12,79951566,0.0222,-7.545045045045045,4.95e-14,731079,Evangelou2018pp,TRUE,reported,co86tk,2,TRUE,5e-6,TRUE
rs4848110,T,C,T,C,-0.1198,0.0016,0.2468,0.2482,FALSE,FALSE,FALSE,CdK0em,2,121471536,9e-4,1.777777777777778,0.0689,32872,Grasby2020thickness,TRUE,reported,2,121471536,0.0239,-5.01255230125523,5.32e-7,737056,Evangelou2018pp,TRUE,reported,co86tk,2,TRUE,5e-6,TRUE
rs486098,T,C,T,C,0.1536,4e-4,0.2691,0.2631,FALSE,FALSE,FALSE,CdK0em,12,388657,9e-4,0.4444444444444445,0.6577,32872,Grasby2020thickness,TRUE,reported,12,388657,0.0232,6.620689655172414,3.6749999999999996e-11,736553,Evangelou2018pp,TRUE,reported,co86tk,2,TRUE,5e-6,TRUE
rs4873492,T,C,T,C,0.2202,-0.001,0.1723,0.1769,FALSE,FALSE,FALSE,CdK0em,8,51947549,0.001,-1,0.3439,32872,Grasby2020thickness,TRUE,reported,8,51947549,0.0273,8.065934065934066,8.052999999999999e-16,738170,Evangelou2018pp,TRUE,reported,co86tk,2,TRUE,5e-6,TRUE
rs4909625,T,C,T,C,0.1141,-3e-4,0.3162,0.3142,FALSE,FALSE,FALSE,CdK0em,8,135734525,8e-4,-0.37499999999999994,0.7444,32872,Grasby2020thickness,TRUE,reported,8,135734525,0.022000000000000002,5.186363636363636,2.1550000000000002e-7,737164,Evangelou2018pp,TRUE,reported,co86tk,2,TRUE,5e-6,TRUE
rs4922591,C,T,C,T,0.1513,-1e-4,0.6133,0.6116,FALSE,FALSE,FALSE,CdK0em,11,32374199,8e-4,-0.125,0.9386,32872,Grasby2020thickness,TRUE,reported,11,32374199,0.0214,7.07009,1.3869999999999998e-12,738170,Evangelou2018pp,TRUE,reported,co86tk,2,TRUE,5e-6,TRUE
rs4926499,C,G,C,G,0.1436,-8e-4,0.8267,0.8152,FALSE,TRUE,FALSE,CdK0em,1,249128317,0.0012,-0.666667,0.4892,26457,Grasby2020thickness,TRUE,reported,1,249155909,0.0298,4.818791946308725,1.4430000000000002e-6,711084,Evangelou2018pp,TRUE,reported,co86tk,2,TRUE,5e-6,TRUE
rs4938097,A,G,A,G,0.18600000000000003,-0.0018,0.0721,0.0736,FALSE,FALSE,FALSE,CdK0em,11,114235864,0.0015,-1.2,0.213,32872,Grasby2020thickness,TRUE,reported,11,114235864,0.0398,4.673366834170855,2.908e-6,729906,Evangelou2018pp,TRUE,reported,co86tk,2,TRUE,5e-6,TRUE
rs4945090,A,T,A,T,-0.1081,3e-4,0.5953,0.5907,FALSE,TRUE,FALSE,CdK0em,11,76163151,8e-4,0.375,0.6781,32872,Grasby2020thickness,TRUE,reported,11,76205018,0.0208,-5.197115384615385,1.9760000000000002e-7,738169,Evangelou2018pp,TRUE,reported,co86tk,2,TRUE,5e-6,TRUE
rs4946265,G,A,G,A,-0.1546,7e-4,0.488,0.4879,FALSE,FALSE,FALSE,CdK0em,6,117863175,8e-4,0.875,0.3798,32603,Grasby2020thickness,TRUE,reported,6,117863175,0.0205,-7.54146,5.376e-14,729908,Evangelou2018pp,TRUE,reported,co86tk,2,TRUE,5e-6,TRUE
rs4950838,C,T,C,T,-0.212,-2e-4,0.0985,0.1007,FALSE,FALSE,FALSE,CdK0em,1,201705650,0.0013,-0.153846,0.867,32512,Grasby2020thickness,TRUE,reported,1,201705650,0.0346,-6.12717,8.596000000000001e-10,729908,Evangelou2018pp,TRUE,reported,co86tk,2,TRUE,5e-6,TRUE
rs4952408,C,T,C,T,-0.1132,5e-4,0.3636,0.372,FALSE,FALSE,FALSE,CdK0em,2,40567426,8e-4,0.625,0.5433,32872,Grasby2020thickness,TRUE,reported,2,40567426,0.0217,-5.21659,1.78e-7,737165,Evangelou2018pp,TRUE,reported,co86tk,2,TRUE,5e-6,TRUE
rs4952955,T,C,T,C,-0.1424,4e-4,0.2017,0.196,FALSE,FALSE,FALSE,CdK0em,2,43183810,9e-4,0.4444444444444445,0.6875,32512,Grasby2020thickness,TRUE,reported,2,43183810,0.0258,-5.51937984496124,3.4750000000000003e-8,738169,Evangelou2018pp,TRUE,reported,co86tk,2,TRUE,5e-6,TRUE
rs4968716,T,C,T,C,0.1364,-8e-4,0.5202,0.5152,FALSE,FALSE,FALSE,CdK0em,17,62365479,8e-4,-1,0.3151,32343,Grasby2020thickness,TRUE,reported,17,62365479,0.0211,6.464454976303317,9.844e-11,743699,Evangelou2018pp,TRUE,reported,co86tk,2,TRUE,5e-6,TRUE
rs4977492,C,T,C,T,0.1252,2e-4,0.3379,0.3369,FALSE,FALSE,FALSE,CdK0em,9,19057551,8e-4,0.25,0.8324,32872,Grasby2020thickness,TRUE,reported,9,19057551,0.0216,5.7963,6.701e-9,744815,Evangelou2018pp,TRUE,reported,co86tk,2,TRUE,5e-6,TRUE
rs4977575,G,C,G,C,0.1682,-9e-4,0.4934,0.4777,FALSE,TRUE,TRUE,CdK0em,9,22124630,8e-4,-1.125,0.2499,32680,Grasby2020thickness,TRUE,reported,9,22124744,0.0206,8.16505,2.944e-16,745820,Evangelou2018pp,TRUE,reported,co86tk,2,FALSE,5e-6,TRUE
rs4980515,C,T,C,T,-0.1628,9e-4,0.5012,0.5029,FALSE,FALSE,FALSE,CdK0em,11,63744609,8e-4,1.125,0.2562,32872,Grasby2020thickness,TRUE,reported,11,63744609,0.0205,-7.94146,2.291e-15,738169,Evangelou2018pp,TRUE,reported,co86tk,2,TRUE,5e-6,TRUE
rs558248,A,G,A,G,0.1915,-0.0015,0.622,0.6186,FALSE,FALSE,FALSE,CdK0em,1,208047435,8e-4,-1.875,0.0487,32872,Grasby2020thickness,TRUE,reported,1,208047435,0.0212,9.033018867924529,1.607e-19,736050,Evangelou2018pp,TRUE,reported,co86tk,2,TRUE,5e-6,TRUE
rs55947600,A,G,A,G,-0.1895,-0.0016,0.4623,0.4638,FALSE,FALSE,FALSE,CdK0em,10,75797672,8e-4,-2,0.041839999999999995,32872,Grasby2020thickness,TRUE,reported,10,75797672,0.0206,-9.199029126213592,4.101e-20,729450,Evangelou2018pp,TRUE,reported,co86tk,2,TRUE,5e-6,TRUE
rs55962736,T,G,T,G,-0.1562,-5e-4,0.5094,0.5037,FALSE,FALSE,FALSE,CdK0em,15,63333892,8e-4,-0.625,0.5511,32680,Grasby2020thickness,TRUE,reported,15,63333892,0.0205,-7.619512195121951,2.485e-14,744706,Evangelou2018pp,TRUE,reported,co86tk,2,TRUE,5e-6,TRUE
rs560887,C,T,C,T,0.1904,-0.001,0.7011,0.7046,FALSE,FALSE,FALSE,CdK0em,2,169763148,8e-4,-1.25,0.2211,32441,Grasby2020thickness,TRUE,reported,2,169763148,0.0223,8.53812,1.572e-17,729908,Evangelou2018pp,TRUE,reported,co86tk,2,TRUE,5e-6,TRUE
rs56090516,C,T,C,T,0.1304,8e-4,0.3377,0.3311,FALSE,FALSE,FALSE,CdK0em,3,70543128,8e-4,1,0.2957,32872,Grasby2020thickness,TRUE,reported,3,70543128,0.0216,6.03704,1.5640000000000002e-9,737054,Evangelou2018pp,TRUE,reported,co86tk,2,TRUE,5e-6,TRUE
rs56255660,A,C,A,C,0.2339,-4e-4,0.2578,0.2529,FALSE,FALSE,FALSE,CdK0em,6,169650166,9e-4,-0.4444444444444445,0.6395,32172,Grasby2020thickness,TRUE,reported,6,169650166,0.0236,9.911016949152543,4.2299999999999997e-23,738169,Evangelou2018pp,TRUE,reported,co86tk,2,TRUE,5e-6,TRUE
rs56287081,A,G,A,G,0.2018,1e-4,0.189,0.1855,FALSE,FALSE,FALSE,CdK0em,11,10192992,9e-4,0.11111111111111112,0.9342,32872,Grasby2020thickness,TRUE,reported,11,10192992,0.0262,7.702290076335878,1.398e-14,738168,Evangelou2018pp,TRUE,reported,co86tk,2,TRUE,5e-6,TRUE
rs56288724,G,A,G,A,0.2377,0.001,0.4174,0.4141,FALSE,FALSE,FALSE,CdK0em,17,60767135,8e-4,1.25,0.1994,32764,Grasby2020thickness,TRUE,reported,17,60767135,0.0211,11.2654,1.99e-29,744706,Evangelou2018pp,TRUE,reported,co86tk,2,TRUE,5e-6,TRUE
rs56962872,A,G,A,G,0.1204,7e-4,0.3064,0.3051,FALSE,FALSE,FALSE,CdK0em,3,186200223,8e-4,0.875,0.3768,31046,Grasby2020thickness,TRUE,reported,3,186200223,0.0223,5.3991031390134525,7.016e-8,737056,Evangelou2018pp,TRUE,reported,co86tk,2,TRUE,5e-6,TRUE
rs569919,T,C,T,C,-0.1191,0,0.282,0.2806,FALSE,FALSE,FALSE,CdK0em,6,160767183,9e-4,0,0.9924,32603,Grasby2020thickness,TRUE,reported,6,160767183,0.0228,-5.223684210526316,1.7390000000000002e-7,737225,Evangelou2018pp,TRUE,reported,co86tk,2,TRUE,5e-6,TRUE
rs57139556,G,A,G,A,-0.3087,-5e-4,0.0714,0.0724,FALSE,FALSE,FALSE,CdK0em,6,150998511,0.0014,-0.357143,0.7114,32243,Grasby2020thickness,TRUE,reported,6,150998511,0.0399,-7.73684,1.016e-14,738168,Evangelou2018pp,TRUE,reported,co86tk,2,TRUE,5e-6,TRUE
rs573455,G,A,G,A,-0.2515,3e-4,0.5386,0.5398,FALSE,FALSE,FALSE,CdK0em,11,117267884,8e-4,0.375,0.6651,32872,Grasby2020thickness,TRUE,reported,11,117267884,0.0206,-12.2087,2.374e-34,737056,Evangelou2018pp,TRUE,reported,co86tk,2,TRUE,5e-6,TRUE
rs5753103,A,G,A,G,0.1377,-2e-4,0.451,0.4555,FALSE,FALSE,FALSE,CdK0em,22,30768777,8e-4,-0.25,0.8022,32512,Grasby2020thickness,TRUE,reported,22,30768777,0.0206,6.684466019417475,2.6219999999999998e-11,737101,Evangelou2018pp,TRUE,reported,co86tk,2,TRUE,5e-6,TRUE
rs57946343,C,T,C,T,-0.2405,2e-4,0.1475,0.1448,FALSE,FALSE,FALSE,CdK0em,10,63499951,0.0011,0.181818,0.8253,32872,Grasby2020thickness,TRUE,reported,10,63499951,0.0289,-8.3218,8.469e-17,736110,Evangelou2018pp,TRUE,reported,co86tk,2,TRUE,5e-6,TRUE
rs57956629,G,C,G,C,0.1292,0.0027,0.1647,0.1687,FALSE,TRUE,FALSE,CdK0em,13,56422959,0.001,2.7,0.00847,32872,Grasby2020thickness,TRUE,reported,13,56422959,0.0278,4.64748,3.3760000000000004e-6,745818,Evangelou2018pp,TRUE,reported,co86tk,2,TRUE,5e-6,TRUE
rs58232567,A,G,A,G,-0.32,0.0016,0.0439,0.0479,FALSE,FALSE,FALSE,CdK0em,1,176581561,0.0019,0.8421052631578948,0.3828,32872,Grasby2020thickness,TRUE,reported,1,176581561,0.0523,-6.118546845124283,9.621e-10,738167,Evangelou2018pp,TRUE,reported,co86tk,2,TRUE,5e-6,TRUE
rs58278271,A,G,A,G,-0.2276,-7e-4,0.0846,0.0863,FALSE,FALSE,FALSE,CdK0em,12,50017975,0.0014,-0.5,0.5967,32872,Grasby2020thickness,TRUE,reported,12,50017975,0.0368,-6.184782608695652,6.391000000000001e-10,745818,Evangelou2018pp,TRUE,reported,co86tk,2,TRUE,5e-6,TRUE
rs59285107,A,C,A,C,-0.1069,-3e-4,0.3685,0.3661,FALSE,FALSE,FALSE,CdK0em,3,45642181,8e-4,-0.37499999999999994,0.7255,32872,Grasby2020thickness,TRUE,reported,3,45642181,0.0215,-4.972093023255814,6.96e-7,732149,Evangelou2018pp,TRUE,reported,co86tk,2,TRUE,5e-6,TRUE
rs59945160,G,C,G,C,0.1399,0.0016,0.2353,0.2324,FALSE,TRUE,FALSE,CdK0em,16,4356206,0.001,1.6,0.09626,29522,Grasby2020thickness,TRUE,reported,16,4356206,0.0256,5.46484,4.4660000000000004e-8,729202,Evangelou2018pp,TRUE,reported,co86tk,2,TRUE,5e-6,TRUE
rs59980837,T,G,T,G,0.4232,-0.0088,0.0178,0.0185,FALSE,FALSE,FALSE,CdK0em,1,115827266,0.0029,-3.03448275862069,0.0028,31360,Grasby2020thickness,TRUE,reported,1,115827266,0.0788,5.370558375634518,7.82e-8,734855,Evangelou2018pp,TRUE,reported,co86tk,2,TRUE,5e-6,TRUE
rs6006987,A,C,A,C,0.1312,0.002,0.2769,0.2825,FALSE,FALSE,FALSE,CdK0em,22,45723320,9e-4,2.2222222222222223,0.02112,32872,Grasby2020thickness,TRUE,reported,22,45723320,0.0229,5.729257641921397,1.0809999999999999e-8,737099,Evangelou2018pp,TRUE,reported,co86tk,2,TRUE,5e-6,TRUE
rs60255247,C,A,C,A,-0.2491,0.0019,0.1125,0.1108,FALSE,FALSE,FALSE,CdK0em,6,85283253,0.0013,1.46154,0.1382,32872,Grasby2020thickness,TRUE,reported,6,85283253,0.033,-7.54848,4.533e-14,738170,Evangelou2018pp,TRUE,reported,co86tk,2,TRUE,5e-6,TRUE
rs6029750,A,G,A,G,-0.1197,2e-4,0.2913,0.2933,FALSE,FALSE,FALSE,CdK0em,20,40262422,8e-4,0.25,0.8529,32512,Grasby2020thickness,TRUE,reported,20,40262422,0.023,-5.2043478260869565,2.0600000000000002e-7,744813,Evangelou2018pp,TRUE,reported,co86tk,2,TRUE,5e-6,TRUE
rs6031431,G,A,G,A,0.1575,-0.0011,0.4625,0.4621,FALSE,FALSE,FALSE,CdK0em,20,42795152,8e-4,-1.375,0.1352,32872,Grasby2020thickness,TRUE,reported,20,42795152,0.0207,7.6087,2.715e-14,743700,Evangelou2018pp,TRUE,reported,co86tk,2,TRUE,5e-6,TRUE
rs604723,C,T,C,T,0.2689,-7e-4,0.7245,0.717,FALSE,FALSE,FALSE,CdK0em,11,100610546,9e-4,-0.777778,0.3993,32872,Grasby2020thickness,TRUE,reported,11,100610546,0.023,11.6913,1.4609999999999999e-31,737165,Evangelou2018pp,TRUE,reported,co86tk,2,TRUE,5e-6,TRUE
rs6051368,C,T,C,T,0.1031,9e-4,0.4583,0.4599,FALSE,FALSE,FALSE,CdK0em,20,2744846,8e-4,1.125,0.2416,32872,Grasby2020thickness,TRUE,reported,20,2744846,0.0207,4.98068,6.509e-7,745820,Evangelou2018pp,TRUE,reported,co86tk,2,TRUE,5e-6,TRUE
rs60536447,A,C,A,C,-0.1169,3e-4,0.251,0.2529,FALSE,FALSE,FALSE,CdK0em,4,10162622,9e-4,0.3333333333333333,0.7596,32872,Grasby2020thickness,TRUE,reported,4,10162622,0.0236,-4.953389830508475,7.645e-7,738168,Evangelou2018pp,TRUE,reported,co86tk,2,TRUE,5e-6,TRUE
rs6056333,G,A,G,A,0.1125,3e-4,0.328,0.33,FALSE,FALSE,FALSE,CdK0em,20,8996991,8e-4,0.375,0.6658,32872,Grasby2020thickness,TRUE,reported,20,8996991,0.0219,5.13699,2.7e-7,737557,Evangelou2018pp,TRUE,reported,co86tk,2,TRUE,5e-6,TRUE
rs60672471,C,T,C,T,-0.1919,-9e-4,0.1071,0.1143,FALSE,FALSE,FALSE,CdK0em,3,128125718,0.0012,-0.75,0.4681,32872,Grasby2020thickness,TRUE,reported,3,128125718,0.0333,-5.76276,7.961000000000001e-9,738168,Evangelou2018pp,TRUE,reported,co86tk,2,TRUE,5e-6,TRUE
rs6078000,G,A,G,A,0.1946,-0.0014,0.2844,0.2815,FALSE,FALSE,FALSE,CdK0em,20,10977631,8e-4,-1.75,0.1014,32872,Grasby2020thickness,TRUE,reported,20,10977631,0.0226,8.61062,8.016000000000001e-18,745820,Evangelou2018pp,TRUE,reported,co86tk,2,TRUE,5e-6,TRUE
rs60991988,G,T,G,T,-0.5294,0.0018,0.1069,0.1083,FALSE,FALSE,FALSE,CdK0em,4,54801228,0.0013,1.38462,0.1514,32639,Grasby2020thickness,TRUE,reported,4,54801228,0.0337,-15.7092,1.4409999999999998e-55,729449,Evangelou2018pp,TRUE,reported,co86tk,2,TRUE,5e-6,TRUE
rs61296732,A,G,A,G,0.2042,9e-4,0.0601,0.0629,FALSE,FALSE,FALSE,CdK0em,5,72674618,0.0016,0.5625,0.5465,32872,Grasby2020thickness,TRUE,reported,5,72674618,0.0434,4.705069124423963,2.5169999999999998e-6,738168,Evangelou2018pp,TRUE,reported,co86tk,2,TRUE,5e-6,TRUE
rs6141767,C,G,C,G,0.2147,-0.0017,0.1565,0.1614,FALSE,TRUE,FALSE,CdK0em,20,31225069,0.001,-1.7,0.1037,32872,Grasby2020thickness,TRUE,reported,20,31225069,0.0286,7.506993006993007,5.6260000000000005e-14,745817,Evangelou2018pp,TRUE,reported,co86tk,2,TRUE,5e-6,TRUE
rs61915422,G,C,G,C,-0.2031,-0.0018,0.1295,0.1331,FALSE,TRUE,FALSE,CdK0em,12,27932562,0.0012,-1.5,0.1224,32279,Grasby2020thickness,TRUE,reported,12,27932562,0.0315,-6.44762,1.1419999999999999e-10,745817,Evangelou2018pp,TRUE,reported,co86tk,2,TRUE,5e-6,TRUE
rs61972411,A,G,A,G,-0.1106,-8e-4,0.5511,0.553,FALSE,FALSE,FALSE,CdK0em,13,100602630,8e-4,-1,0.2802,32872,Grasby2020thickness,TRUE,reported,13,100602630,0.0212,-5.216981132075472,1.869e-7,743701,Evangelou2018pp,TRUE,reported,co86tk,2,TRUE,5e-6,TRUE
rs62055086,T,C,T,C,0.1854,-3e-4,0.2922,0.2975,FALSE,FALSE,FALSE,CdK0em,16,73099892,0.001,-0.3,0.7844,30530,Grasby2020thickness,TRUE,reported,16,73099892,0.0243,7.629629629629631,2.551e-14,727932,Evangelou2018pp,TRUE,reported,co86tk,2,TRUE,5e-6,TRUE
rs62062581,G,T,G,T,-0.1903,-3e-4,0.1684,0.1666,FALSE,FALSE,FALSE,CdK0em,17,7566274,0.0011,-0.272727,0.7922,32872,Grasby2020thickness,TRUE,reported,17,7566274,0.0282,-6.74823,1.5609999999999998e-11,744814,Evangelou2018pp,TRUE,reported,co86tk,2,TRUE,5e-6,TRUE
rs62082230,A,T,A,T,-0.1142,-5e-4,0.2774,0.2709,FALSE,TRUE,FALSE,CdK0em,18,22676071,9e-4,-0.5555555555555556,0.575,32512,Grasby2020thickness,TRUE,reported,18,22676071,0.0235,-4.859574468085106,1.152e-6,744814,Evangelou2018pp,TRUE,reported,co86tk,2,TRUE,5e-6,TRUE
rs62111832,A,G,A,G,0.2373,9e-4,0.0664,0.0659,FALSE,FALSE,FALSE,CdK0em,2,19850924,0.0015,0.6,0.5706,32872,Grasby2020thickness,TRUE,reported,2,19850924,0.0414,5.731884057971015,9.779e-9,738167,Evangelou2018pp,TRUE,reported,co86tk,2,TRUE,5e-6,TRUE
rs62253186,G,C,G,C,0.2218,-0.0035,0.0614,0.0618,FALSE,TRUE,FALSE,CdK0em,3,69919744,0.0017,-2.05882,0.03418,32872,Grasby2020thickness,TRUE,reported,3,69919744,0.0441,5.02948,4.909e-7,738169,Evangelou2018pp,TRUE,reported,co86tk,2,TRUE,5e-6,TRUE
rs62257174,A,G,A,G,-0.1195,-0,0.302,0.3091,FALSE,FALSE,FALSE,CdK0em,3,70948149,8e-4,-0,0.9841,32872,Grasby2020thickness,TRUE,reported,3,70948149,0.0223,-5.358744394618833,8.329e-8,737055,Evangelou2018pp,TRUE,reported,co86tk,2,TRUE,5e-6,TRUE
rs62270945,T,C,T,C,0.5276,0.0032,0.0289,0.0296,FALSE,FALSE,FALSE,CdK0em,3,128201889,0.0026,1.2307692307692308,0.2341,29205,Grasby2020thickness,TRUE,reported,3,128201889,0.0651,8.104454685099846,5.167000000000001e-16,724999,Evangelou2018pp,TRUE,reported,co86tk,2,TRUE,5e-6,TRUE
rs62278541,G,A,G,A,-0.1677,6e-4,0.3526,0.3494,FALSE,FALSE,FALSE,CdK0em,3,142631909,8e-4,0.75,0.4044,32872,Grasby2020thickness,TRUE,reported,3,142631909,0.0214,-7.83645,4.836e-15,737056,Evangelou2018pp,TRUE,reported,co86tk,2,TRUE,5e-6,TRUE
rs62427982,T,C,T,C,0.1057,-2e-4,0.3197,0.3214,FALSE,FALSE,FALSE,CdK0em,6,107437166,8e-4,-0.25,0.8237,32334,Grasby2020thickness,TRUE,reported,6,107437166,0.023,4.595652173913043,4.38e-6,730744,Evangelou2018pp,TRUE,reported,co86tk,2,TRUE,5e-6,TRUE
rs62449490,G,T,G,T,-0.1137,-2e-4,0.4588,0.4504,FALSE,FALSE,FALSE,CdK0em,7,22748491,8e-4,-0.25,0.8032,32872,Grasby2020thickness,TRUE,reported,7,22748491,0.0207,-5.49275,3.7239999999999995e-8,738169,Evangelou2018pp,TRUE,reported,co86tk,2,TRUE,5e-6,TRUE
rs62455661,T,C,T,C,0.1729,-0.0011,0.1014,0.1016,FALSE,FALSE,FALSE,CdK0em,7,55667992,0.0014,-0.7857142857142858,0.4212,28475,Grasby2020thickness,TRUE,reported,7,55667992,0.0362,4.776243093922652,1.77e-6,727956,Evangelou2018pp,TRUE,reported,co86tk,2,TRUE,5e-6,TRUE
rs62519848,C,T,C,T,0.1693,1e-4,0.1044,0.1013,FALSE,FALSE,FALSE,CdK0em,8,65526012,0.0013,0.0769231,0.9313,32872,Grasby2020thickness,TRUE,reported,8,65526012,0.0336,5.03869,4.662e-7,738170,Evangelou2018pp,TRUE,reported,co86tk,2,TRUE,5e-6,TRUE
rs628800,C,G,C,G,-0.1161,-3e-4,0.7444,0.7418,FALSE,TRUE,FALSE,CdK0em,11,64769247,9e-4,-0.3333333333333333,0.7355,31927,Grasby2020thickness,TRUE,reported,11,64769247,0.0239,-4.857740585774058,1.2409999999999998e-6,730973,Evangelou2018pp,TRUE,reported,co86tk,2,TRUE,5e-6,TRUE
rs629445,G,A,G,A,0.1319,2e-4,0.6106,0.6152,FALSE,FALSE,FALSE,CdK0em,13,22318442,8e-4,0.25,0.8309,32872,Grasby2020thickness,TRUE,reported,13,22318442,0.021,6.28095,3.5289999999999994e-10,744814,Evangelou2018pp,TRUE,reported,co86tk,2,TRUE,5e-6,TRUE
rs631441,G,T,G,T,0.1543,-9e-4,0.3053,0.3026,FALSE,FALSE,FALSE,CdK0em,6,53994626,8e-4,-1.125,0.2525,32872,Grasby2020thickness,TRUE,reported,6,53994626,0.0222,6.95045,3.5610000000000003e-12,738169,Evangelou2018pp,TRUE,reported,co86tk,2,TRUE,5e-6,TRUE
rs6415872,A,G,A,G,0.1215,0.0016,0.4913,0.4904,FALSE,FALSE,FALSE,CdK0em,10,63660689,8e-4,2,0.04125,32872,Grasby2020thickness,TRUE,reported,10,63660689,0.0206,5.898058252427184,3.7e-9,738169,Evangelou2018pp,TRUE,reported,co86tk,2,TRUE,5e-6,TRUE
rs6461992,G,A,G,A,0.4361,-0.0015,0.9261,0.9239,FALSE,FALSE,FALSE,CdK0em,7,27220831,0.0014,-1.07143,0.3128,33089,Grasby2020thickness,TRUE,reported,7,27220831,0.04,10.9025,1.032e-27,738169,Evangelou2018pp,TRUE,reported,co86tk,2,TRUE,5e-6,TRUE
rs6468171,G,A,G,A,-0.1106,-4e-4,0.6214,0.6177,FALSE,FALSE,FALSE,CdK0em,8,33356074,8e-4,-0.5,0.6471,32680,Grasby2020thickness,TRUE,reported,8,33356074,0.0211,-5.24171,1.6620000000000002e-7,729908,Evangelou2018pp,TRUE,reported,co86tk,2,TRUE,5e-6,TRUE
rs6493557,A,G,A,G,0.1147,5e-4,0.7596,0.7561,FALSE,FALSE,FALSE,CdK0em,15,52694840,9e-4,0.5555555555555556,0.5728,32680,Grasby2020thickness,TRUE,reported,15,52694840,0.024,4.779166666666667,1.731e-6,745819,Evangelou2018pp,TRUE,reported,co86tk,2,TRUE,5e-6,TRUE
rs649472,C,T,C,T,-0.1047,3e-4,0.292,0.2922,FALSE,FALSE,FALSE,CdK0em,6,42673015,8e-4,0.375,0.7228,32872,Grasby2020thickness,TRUE,reported,6,42673015,0.0226,-4.63274,3.503e-6,738169,Evangelou2018pp,TRUE,reported,co86tk,2,TRUE,5e-6,TRUE
rs6504252,C,T,C,T,0.2951,-4e-4,0.9481,0.9464,FALSE,FALSE,FALSE,CdK0em,17,62741764,0.002,-0.2,0.8376,23570,Grasby2020thickness,TRUE,reported,17,62741764,0.0504,5.85516,4.701e-9,724103,Evangelou2018pp,TRUE,reported,co86tk,2,TRUE,5e-6,TRUE
rs6508712,G,T,G,T,-0.0957,3e-4,0.5827,0.5781,FALSE,FALSE,FALSE,CdK0em,19,37815381,8e-4,0.375,0.7174,32872,Grasby2020thickness,TRUE,reported,19,37815381,0.0209,-4.57895,4.778e-6,744814,Evangelou2018pp,TRUE,reported,co86tk,2,TRUE,5e-6,TRUE
rs6544652,T,C,T,C,-0.1441,-4e-4,0.2358,0.2343,FALSE,FALSE,FALSE,CdK0em,2,43626212,9e-4,-0.4444444444444445,0.6701,32872,Grasby2020thickness,TRUE,reported,2,43626212,0.024,-6.004166666666666,1.947e-9,738169,Evangelou2018pp,TRUE,reported,co86tk,2,TRUE,5e-6,TRUE
rs6547741,A,G,A,G,0.1084,-0.0013,0.4857,0.486,FALSE,FALSE,FALSE,CdK0em,2,27855924,8e-4,-1.6249999999999998,0.08213,32872,Grasby2020thickness,TRUE,reported,2,27855924,0.0205,5.28780487804878,1.299e-7,727848,Evangelou2018pp,TRUE,reported,co86tk,2,TRUE,5e-6,TRUE
rs6586160,A,G,A,G,-0.1162,0.0021,0.7355,0.735,FALSE,FALSE,FALSE,CdK0em,10,90740552,9e-4,2.333333333333333,0.016130000000000002,32872,Grasby2020thickness,TRUE,reported,10,90740552,0.0235,-4.94468085106383,7.718000000000001e-7,738169,Evangelou2018pp,TRUE,reported,co86tk,2,TRUE,5e-6,TRUE
rs6588607,T,G,T,G,-0.1296,5e-4,0.2112,0.2131,FALSE,FALSE,FALSE,CdK0em,1,56586286,9e-4,0.5555555555555556,0.6316,32872,Grasby2020thickness,TRUE,reported,1,56586286,0.0252,-5.142857142857142,2.573e-7,729907,Evangelou2018pp,TRUE,reported,co86tk,2,TRUE,5e-6,TRUE
rs6589576,G,C,G,C,-0.1579,1e-4,0.8894,0.8899,FALSE,TRUE,FALSE,CdK0em,11,116735788,0.0012,0.0833333,0.9611,33089,Grasby2020thickness,TRUE,reported,11,116735788,0.0331,-4.77039,1.8590000000000001e-6,734292,Evangelou2018pp,TRUE,reported,co86tk,2,TRUE,5e-6,TRUE
rs6598886,C,T,C,T,-0.218,-7e-4,0.088,0.0927,FALSE,FALSE,FALSE,CdK0em,1,27849300,0.0013,-0.538462,0.589,32872,Grasby2020thickness,TRUE,reported,1,27849300,0.0367,-5.94005,2.9709999999999998e-9,737165,Evangelou2018pp,TRUE,reported,co86tk,2,TRUE,5e-6,TRUE
rs6601523,A,G,A,G,-0.205,-0.0014,0.5901,0.5901,FALSE,FALSE,FALSE,CdK0em,8,10635141,8e-4,-1.75,0.06989,32872,Grasby2020thickness,TRUE,reported,8,10635141,0.0208,-9.85576923076923,7.906e-23,738169,Evangelou2018pp,TRUE,reported,co86tk,2,TRUE,5e-6,TRUE
rs663640,T,C,T,C,-0.1547,0.0016,0.217,0.2227,FALSE,FALSE,FALSE,CdK0em,18,57846077,9e-4,1.777777777777778,0.08766,32872,Grasby2020thickness,TRUE,reported,18,57846077,0.025,-6.188,5.94e-10,745818,Evangelou2018pp,TRUE,reported,co86tk,2,TRUE,5e-6,TRUE
rs669694,G,C,G,C,0.1288,-7e-4,0.7902,0.7889,FALSE,TRUE,FALSE,CdK0em,1,209950760,9e-4,-0.777778,0.4635,32872,Grasby2020thickness,TRUE,reported,1,209950760,0.0251,5.13147,2.828e-7,737054,Evangelou2018pp,TRUE,reported,co86tk,2,TRUE,5e-6,TRUE
rs66999229,G,T,G,T,-0.1786,2e-4,0.0902,0.0901,FALSE,FALSE,FALSE,CdK0em,2,67070991,0.0013,0.153846,0.8982,32872,Grasby2020thickness,TRUE,reported,2,67070991,0.0357,-5.0028,5.465e-7,738167,Evangelou2018pp,TRUE,reported,co86tk,2,TRUE,5e-6,TRUE
rs6717858,C,T,C,T,-0.0995,-1e-4,0.4042,0.4109,FALSE,FALSE,FALSE,CdK0em,2,165539661,8e-4,-0.125,0.9292,32872,Grasby2020thickness,TRUE,reported,2,165539661,0.0208,-4.78365,1.725e-6,736111,Evangelou2018pp,TRUE,reported,co86tk,2,TRUE,5e-6,TRUE
rs6722890,A,G,A,G,0.0994,0.0011,0.3621,0.3611,FALSE,FALSE,FALSE,CdK0em,2,148533247,8e-4,1.375,0.1529,32872,Grasby2020thickness,TRUE,reported,2,148533247,0.0216,4.601851851851852,4.054e-6,737165,Evangelou2018pp,TRUE,reported,co86tk,2,TRUE,5e-6,TRUE
rs6731373,A,G,A,G,0.1336,-4e-4,0.3497,0.3469,FALSE,FALSE,FALSE,CdK0em,2,68503044,8e-4,-0.5,0.6161,32872,Grasby2020thickness,TRUE,reported,2,68503044,0.0221,6.04524886877828,1.429e-9,737164,Evangelou2018pp,TRUE,reported,co86tk,2,TRUE,5e-6,TRUE
rs6747874,A,G,A,G,0.1704,1e-4,0.2225,0.2217,FALSE,FALSE,FALSE,CdK0em,2,101578489,9e-4,0.11111111111111112,0.8804,32872,Grasby2020thickness,TRUE,reported,2,101578489,0.0247,6.898785425101215,5.0160000000000004e-12,729448,Evangelou2018pp,TRUE,reported,co86tk,2,TRUE,5e-6,TRUE
rs6766170,A,C,A,C,-0.165,2e-4,0.4933,0.4928,FALSE,FALSE,FALSE,CdK0em,3,14878830,8e-4,0.25,0.8184,32512,Grasby2020thickness,TRUE,reported,3,14878830,0.0207,-7.971014492753624,1.364e-15,737165,Evangelou2018pp,TRUE,reported,co86tk,2,TRUE,5e-6,TRUE
rs67772913,G,A,G,A,-0.2307,8e-4,0.3041,0.3023,FALSE,FALSE,FALSE,CdK0em,12,54435716,8e-4,1,0.3708,31655,Grasby2020thickness,TRUE,reported,12,54435716,0.0225,-10.2533,1.137e-24,745819,Evangelou2018pp,TRUE,reported,co86tk,2,TRUE,5e-6,TRUE
rs6785570,A,G,A,G,0.1066,-9e-4,0.3597,0.3645,FALSE,FALSE,FALSE,CdK0em,3,141603887,8e-4,-1.125,0.2427,32512,Grasby2020thickness,TRUE,reported,3,141603887,0.0214,4.981308411214954,6.2e-7,734293,Evangelou2018pp,TRUE,reported,co86tk,2,TRUE,5e-6,TRUE
rs6788984,G,A,G,A,-0.1882,-3e-4,0.144,0.1473,FALSE,FALSE,FALSE,CdK0em,3,41107173,0.001,-0.3,0.7372,32872,Grasby2020thickness,TRUE,reported,3,41107173,0.0293,-6.42321,1.3069999999999997e-10,738169,Evangelou2018pp,TRUE,reported,co86tk,2,TRUE,5e-6,TRUE
rs6806529,C,A,C,A,-0.1372,1e-4,0.5662,0.5681,FALSE,FALSE,FALSE,CdK0em,3,123049938,8e-4,0.125,0.8616,32872,Grasby2020thickness,TRUE,reported,3,123049938,0.0209,-6.56459,5.8119999999999995e-11,736220,Evangelou2018pp,TRUE,reported,co86tk,2,TRUE,5e-6,TRUE
rs68100343,T,C,T,C,0.1425,-0.0027,0.2648,0.2657,FALSE,FALSE,FALSE,CdK0em,21,48040562,9e-4,-3.0000000000000004,0.0019,32872,Grasby2020thickness,TRUE,reported,21,48040562,0.0235,6.063829787234042,1.2809999999999998e-9,744814,Evangelou2018pp,TRUE,reported,co86tk,2,TRUE,5e-6,TRUE
rs6823199,C,T,C,T,-0.1567,-9e-4,0.2565,0.2545,FALSE,FALSE,FALSE,CdK0em,4,83925895,9e-4,-1,0.3345,31742,Grasby2020thickness,TRUE,reported,4,83925895,0.0236,-6.63983,3.068e-11,732535,Evangelou2018pp,TRUE,reported,co86tk,2,TRUE,5e-6,TRUE
rs6851147,G,C,G,C,0.1898,-1e-4,0.2732,0.2737,FALSE,TRUE,FALSE,CdK0em,4,55056566,9e-4,-0.111111,0.9525,32872,Grasby2020thickness,TRUE,reported,4,55056566,0.0231,8.21645,1.975e-16,738168,Evangelou2018pp,TRUE,reported,co86tk,2,TRUE,5e-6,TRUE
rs686722,T,C,T,C,0.3174,5e-4,0.3619,0.3629,FALSE,FALSE,FALSE,CdK0em,11,1891722,8e-4,0.625,0.5478,31973,Grasby2020thickness,TRUE,reported,11,1891722,0.022000000000000002,14.427272727272726,4.1950000000000004e-47,718171,Evangelou2018pp,TRUE,reported,co86tk,2,TRUE,5e-6,TRUE
rs6897790,T,C,T,C,-0.0939,-7e-4,0.5154,0.5199,FALSE,FALSE,FALSE,CdK0em,5,67802931,8e-4,-0.875,0.3416,32872,Grasby2020thickness,TRUE,reported,5,67802931,0.0205,-4.580487804878048,4.432e-6,738170,Evangelou2018pp,TRUE,reported,co86tk,2,TRUE,5e-6,TRUE
rs691148,A,G,A,G,-0.1117,4e-4,0.6705,0.6663,FALSE,FALSE,FALSE,CdK0em,10,18249732,8e-4,0.5,0.6019,32872,Grasby2020thickness,TRUE,reported,10,18249732,0.0219,-5.100456621004566,3.318e-7,738169,Evangelou2018pp,TRUE,reported,co86tk,2,TRUE,5e-6,TRUE
rs6920534,C,T,C,T,-0.2738,0.0016,0.0973,0.0936,FALSE,FALSE,FALSE,CdK0em,6,7519183,0.0014,1.14286,0.2458,32872,Grasby2020thickness,TRUE,reported,6,7519183,0.0357,-7.66947,1.616e-14,737164,Evangelou2018pp,TRUE,reported,co86tk,2,TRUE,5e-6,TRUE
rs6926677,C,G,C,G,0.2137,0.0017,0.1946,0.1926,FALSE,TRUE,FALSE,CdK0em,6,26478825,9e-4,1.8888888888888888,0.0653,32872,Grasby2020thickness,TRUE,reported,6,26478825,0.0259,8.250965250965251,1.603e-16,738168,Evangelou2018pp,TRUE,reported,co86tk,2,TRUE,5e-6,TRUE
rs6951894,G,A,G,A,0.1416,-8e-4,0.5757,0.5831,FALSE,FALSE,FALSE,CdK0em,7,89893945,8e-4,-1,0.2988,32872,Grasby2020thickness,TRUE,reported,7,89893945,0.0208,6.80769,8.845000000000001e-12,729908,Evangelou2018pp,TRUE,reported,co86tk,2,TRUE,5e-6,TRUE
rs696,T,C,T,C,0.2107,0.001,0.3683,0.3746,FALSE,FALSE,FALSE,CdK0em,14,35871093,8e-4,1.25,0.20600000000000002,32441,Grasby2020thickness,TRUE,reported,14,35871093,0.0214,9.845794392523365,7.484e-23,737679,Evangelou2018pp,TRUE,reported,co86tk,2,TRUE,5e-6,TRUE
rs6961048,G,C,G,C,0.2668,-0.002,0.1036,0.1061,FALSE,TRUE,FALSE,CdK0em,7,27328187,0.0012,-1.66667,0.1079,32872,Grasby2020thickness,TRUE,reported,7,27328187,0.0338,7.89349,2.667e-15,734292,Evangelou2018pp,TRUE,reported,co86tk,2,TRUE,5e-6,TRUE
rs7011889,C,A,C,A,-0.1167,8e-4,0.4454,0.4422,FALSE,FALSE,FALSE,CdK0em,8,144005260,8e-4,1,0.3156,32872,Grasby2020thickness,TRUE,reported,8,144005260,0.0207,-5.63768,1.636e-8,737164,Evangelou2018pp,TRUE,reported,co86tk,2,TRUE,5e-6,TRUE
rs7022099,G,A,G,A,-0.1081,-1e-4,0.3855,0.3916,FALSE,FALSE,FALSE,CdK0em,9,14553955,8e-4,-0.125,0.9295,32872,Grasby2020thickness,TRUE,reported,9,14553955,0.0211,-5.12322,3.019e-7,745818,Evangelou2018pp,TRUE,reported,co86tk,2,TRUE,5e-6,TRUE
rs7023208,G,C,G,C,0.1263,-5e-4,0.3266,0.326,FALSE,TRUE,FALSE,CdK0em,9,116935764,8e-4,-0.625,0.4988,32872,Grasby2020thickness,TRUE,reported,9,116935764,0.022000000000000002,5.74091,9.19e-9,741943,Evangelou2018pp,TRUE,reported,co86tk,2,TRUE,5e-6,TRUE
rs702395,T,C,T,C,0.1437,8e-4,0.4366,0.4363,FALSE,FALSE,FALSE,CdK0em,5,140086677,8e-4,1,0.304,32512,Grasby2020thickness,TRUE,reported,5,140086677,0.0207,6.942028985507246,4.1669999999999995e-12,737165,Evangelou2018pp,TRUE,reported,co86tk,2,TRUE,5e-6,TRUE
rs7035809,C,T,C,T,-0.0998,5e-4,0.5982,0.6048,FALSE,FALSE,FALSE,CdK0em,9,38146184,8e-4,0.625,0.4999,32872,Grasby2020thickness,TRUE,reported,9,38146184,0.0209,-4.77512,1.776e-6,744814,Evangelou2018pp,TRUE,reported,co86tk,2,TRUE,5e-6,TRUE
rs704191,C,T,C,T,-0.1628,4e-4,0.5369,0.5426,FALSE,FALSE,FALSE,CdK0em,12,22015022,8e-4,0.5,0.6358,32872,Grasby2020thickness,TRUE,reported,12,22015022,0.0206,-7.90291,2.742e-15,744815,Evangelou2018pp,TRUE,reported,co86tk,2,TRUE,5e-6,TRUE
rs7058,G,T,G,T,-0.1804,-0.0015,0.537,0.538,FALSE,FALSE,FALSE,CdK0em,2,96917588,8e-4,-1.875,0.04895,32872,Grasby2020thickness,TRUE,reported,2,96917588,0.0206,-8.75728,1.8619999999999998e-18,736051,Evangelou2018pp,TRUE,reported,co86tk,2,TRUE,5e-6,TRUE
rs7070115,G,A,G,A,0.2565,-0.0012,0.4304,0.4309,FALSE,FALSE,FALSE,CdK0em,10,95900004,8e-4,-1.5,0.1155,32872,Grasby2020thickness,TRUE,reported,10,95900004,0.0208,12.3317,4.627e-35,730090,Evangelou2018pp,TRUE,reported,co86tk,2,TRUE,5e-6,TRUE
rs7073663,A,G,A,G,-0.1345,0.0029,0.1625,0.1672,FALSE,FALSE,FALSE,CdK0em,10,126358094,0.001,2.9,0.004404,32872,Grasby2020thickness,TRUE,reported,10,126358094,0.0278,-4.838129496402878,1.331e-6,738169,Evangelou2018pp,TRUE,reported,co86tk,2,TRUE,5e-6,TRUE
rs7095472,G,A,G,A,-0.1156,-0.001,0.5308,0.529,FALSE,FALSE,FALSE,CdK0em,10,70399109,8e-4,-1.25,0.2083,32512,Grasby2020thickness,TRUE,reported,10,70399109,0.0211,-5.47867,4.12e-8,737165,Evangelou2018pp,TRUE,reported,co86tk,2,TRUE,5e-6,TRUE
rs7099368,C,T,C,T,-0.1417,-0.0017,0.41,0.4086,FALSE,FALSE,FALSE,CdK0em,10,61566323,8e-4,-2.125,0.030560000000000004,32512,Grasby2020thickness,TRUE,reported,10,61566323,0.0209,-6.7799,1.1560000000000002e-11,738170,Evangelou2018pp,TRUE,reported,co86tk,2,TRUE,5e-6,TRUE
rs7107356,G,A,G,A,0.234,0,0.5044,0.5029,FALSE,FALSE,FALSE,CdK0em,11,47676170,8e-4,0,0.9637,32872,Grasby2020thickness,TRUE,reported,11,47676170,0.0205,11.4146,3.238e-30,738170,Evangelou2018pp,TRUE,reported,co86tk,2,TRUE,5e-6,TRUE
rs7119612,T,C,T,C,-0.24600000000000002,5e-4,0.0941,0.0954,FALSE,FALSE,FALSE,CdK0em,11,65570517,0.0013,0.38461538461538464,0.723,32872,Grasby2020thickness,TRUE,reported,11,65570517,0.0354,-6.9491525423728815,3.637e-12,737165,Evangelou2018pp,TRUE,reported,co86tk,2,TRUE,5e-6,TRUE
rs7139408,C,T,C,T,-0.095,3e-4,0.4301,0.4269,FALSE,FALSE,FALSE,CdK0em,13,96984390,8e-4,0.375,0.7313,32872,Grasby2020thickness,TRUE,reported,13,96984390,0.0208,-4.56731,4.8689999999999995e-6,744814,Evangelou2018pp,TRUE,reported,co86tk,2,TRUE,5e-6,TRUE
rs714417,C,T,C,T,0.2229,-7e-4,0.7001,0.698,FALSE,FALSE,FALSE,CdK0em,11,45247176,8e-4,-0.875,0.4289,32872,Grasby2020thickness,TRUE,reported,11,45247176,0.0224,9.95089,2.5250000000000002e-23,728336,Evangelou2018pp,TRUE,reported,co86tk,2,TRUE,5e-6,TRUE
rs7144602,G,T,G,T,0.1134,1e-4,0.3507,0.3487,FALSE,FALSE,FALSE,CdK0em,14,55285588,8e-4,0.125,0.9459,32872,Grasby2020thickness,TRUE,reported,14,55285588,0.0216,5.25,1.51e-7,745820,Evangelou2018pp,TRUE,reported,co86tk,2,TRUE,5e-6,TRUE
rs71499040,C,G,C,G,0.1166,-3e-4,0.7075,0.702,FALSE,TRUE,FALSE,CdK0em,8,1711918,8e-4,-0.37499999999999994,0.7067,32680,Grasby2020thickness,TRUE,reported,8,1711918,0.0229,5.091703056768559,3.724e-7,732671,Evangelou2018pp,TRUE,reported,co86tk,2,TRUE,5e-6,TRUE
rs7154431,T,A,T,A,0.2001,3e-4,0.3855,0.3859,FALSE,TRUE,FALSE,CdK0em,14,98590709,8e-4,0.375,0.6821,32015,Grasby2020thickness,TRUE,reported,14,98590709,0.021,9.52857,1.769e-21,744813,Evangelou2018pp,TRUE,reported,co86tk,2,TRUE,5e-6,TRUE
rs71594307,A,G,A,G,0.2664,-0.0031,0.0487,0.0492,FALSE,FALSE,FALSE,CdK0em,5,122156060,0.0018,-1.722222222222222,0.08367999999999999,32872,Grasby2020thickness,TRUE,reported,5,122156060,0.0488,5.4590163934426235,4.827e-8,738168,Evangelou2018pp,TRUE,reported,co86tk,2,TRUE,5e-6,TRUE
rs7178506,C,T,C,T,0.1229,-9e-4,0.3882,0.3903,FALSE,FALSE,FALSE,CdK0em,15,41096097,8e-4,-1.125,0.2871,32512,Grasby2020thickness,TRUE,reported,15,41096097,0.0216,5.68981,1.3e-8,744815,Evangelou2018pp,TRUE,reported,co86tk,2,TRUE,5e-6,TRUE
rs7214,G,T,G,T,-0.1255,0.0016,0.4313,0.436,FALSE,FALSE,FALSE,CdK0em,16,4932560,8e-4,2,0.032119999999999996,32512,Grasby2020thickness,TRUE,reported,16,4932560,0.0207,-6.0628,1.3220000000000002e-9,744706,Evangelou2018pp,TRUE,reported,co86tk,2,TRUE,5e-6,TRUE
rs7236548,A,C,A,C,0.3621,-6e-4,0.1848,0.1851,FALSE,FALSE,FALSE,CdK0em,18,43097750,0.001,-0.6,0.5003,33281,Grasby2020thickness,TRUE,reported,18,43097750,0.0264,13.71590909090909,8.478999999999999e-43,745818,Evangelou2018pp,TRUE,reported,co86tk,2,TRUE,5e-6,TRUE
rs7245814,G,A,G,A,0.2909,-9e-4,0.9031,0.905,FALSE,FALSE,FALSE,CdK0em,19,15274503,0.0013,-0.692308,0.4902,32752,Grasby2020thickness,TRUE,reported,19,15274503,0.0345,8.43188,3.748e-17,745819,Evangelou2018pp,TRUE,reported,co86tk,2,TRUE,5e-6,TRUE
rs7249687,G,A,G,A,-0.1131,7e-4,0.6372,0.6233,FALSE,FALSE,FALSE,CdK0em,19,33933547,8e-4,0.875,0.3624,32872,Grasby2020thickness,TRUE,reported,19,33933547,0.0215,-5.26047,1.459e-7,744814,Evangelou2018pp,TRUE,reported,co86tk,2,TRUE,5e-6,TRUE
rs72664332,C,A,C,A,-0.2758,0.0015,0.0922,0.0884,FALSE,FALSE,FALSE,CdK0em,1,56980222,0.0013,1.15385,0.2638,32872,Grasby2020thickness,TRUE,reported,1,56980222,0.0354,-7.79096,6.814e-15,738169,Evangelou2018pp,TRUE,reported,co86tk,2,TRUE,5e-6,TRUE
rs72676189,G,A,G,A,0.204,-0.0016,0.1405,0.1413,FALSE,FALSE,FALSE,CdK0em,1,67052025,0.0011,-1.45455,0.1495,32872,Grasby2020thickness,TRUE,reported,1,67052025,0.0294,6.93878,3.6200000000000003e-12,738170,Evangelou2018pp,TRUE,reported,co86tk,2,TRUE,5e-6,TRUE
rs72741753,T,C,T,C,-0.1643,2e-4,0.1288,0.1308,FALSE,FALSE,FALSE,CdK0em,9,80773195,0.0011,0.18181818181818182,0.863,32872,Grasby2020thickness,TRUE,reported,9,80773195,0.0306,-5.3692810457516345,8.073000000000001e-8,745819,Evangelou2018pp,TRUE,reported,co86tk,2,TRUE,5e-6,TRUE
rs72761109,T,C,T,C,0.1583,7e-4,0.3029,0.2972,FALSE,FALSE,FALSE,CdK0em,5,71506529,8e-4,0.875,0.3829,32872,Grasby2020thickness,TRUE,reported,5,71506529,0.0223,7.098654708520179,1.192e-12,738168,Evangelou2018pp,TRUE,reported,co86tk,2,TRUE,5e-6,TRUE
rs72830615,G,A,G,A,-0.1794,4e-4,0.4017,0.402,FALSE,FALSE,FALSE,CdK0em,10,122988575,8e-4,0.5,0.5724,32872,Grasby2020thickness,TRUE,reported,10,122988575,0.0211,-8.50237,1.5920000000000002e-17,728446,Evangelou2018pp,TRUE,reported,co86tk,2,TRUE,5e-6,TRUE
rs72874178,A,G,A,G,-0.3788,3e-4,0.2345,0.2303,FALSE,FALSE,FALSE,CdK0em,2,164924573,9e-4,0.3333333333333333,0.7871,32872,Grasby2020thickness,TRUE,reported,2,164924573,0.0242,-15.652892561983473,4.2899999999999995e-55,738169,Evangelou2018pp,TRUE,reported,co86tk,2,TRUE,5e-6,TRUE
rs72884380,C,T,C,T,0.1245,0.0017,0.3793,0.3732,FALSE,FALSE,FALSE,CdK0em,2,172410686,8e-4,2.125,0.02459,32872,Grasby2020thickness,TRUE,reported,2,172410686,0.021,5.92857,3.108e-9,738169,Evangelou2018pp,TRUE,reported,co86tk,2,TRUE,5e-6,TRUE
rs72943207,A,G,A,G,0.1439,-1e-4,0.2019,0.195,FALSE,FALSE,FALSE,CdK0em,6,99522316,9e-4,-0.11111111111111112,0.9534,32872,Grasby2020thickness,TRUE,reported,6,99522316,0.0258,5.577519379844961,2.3250000000000003e-8,738170,Evangelou2018pp,TRUE,reported,co86tk,2,TRUE,5e-6,TRUE
rs7313556,G,A,G,A,0.1396,8e-4,0.652,0.6527,FALSE,FALSE,FALSE,CdK0em,12,15297359,8e-4,1,0.2895,32872,Grasby2020thickness,TRUE,reported,12,15297359,0.0214,6.52336,6.79e-11,745820,Evangelou2018pp,TRUE,reported,co86tk,2,TRUE,5e-6,TRUE
rs73158180,C,A,C,A,0.1693,2e-4,0.2966,0.3014,FALSE,FALSE,FALSE,CdK0em,7,151402852,8e-4,0.25,0.8561,32872,Grasby2020thickness,TRUE,reported,7,151402852,0.023,7.36087,1.762e-13,736049,Evangelou2018pp,TRUE,reported,co86tk,2,TRUE,5e-6,TRUE
rs7321688,A,C,A,C,0.1888,4e-4,0.2328,0.2337,FALSE,FALSE,FALSE,CdK0em,13,115000365,9e-4,0.4444444444444445,0.6233,32019,Grasby2020thickness,TRUE,reported,13,115000365,0.0242,7.801652892561983,6.475e-15,742902,Evangelou2018pp,TRUE,reported,co86tk,2,TRUE,5e-6,TRUE
rs73235665,T,C,T,C,-0.1288,-0.001,0.2242,0.2262,FALSE,FALSE,FALSE,CdK0em,4,40658559,0.001,-1,0.3585,29915,Grasby2020thickness,TRUE,reported,4,40658559,0.0263,-4.897338403041825,9.537999999999999e-7,733032,Evangelou2018pp,TRUE,reported,co86tk,2,TRUE,5e-6,TRUE
rs7338758,C,T,C,T,-0.1575,4e-4,0.7561,0.748,FALSE,FALSE,FALSE,CdK0em,13,30137828,9e-4,0.444444,0.6681,33089,Grasby2020thickness,TRUE,reported,13,30137828,0.024,-6.5625,5.492e-11,737099,Evangelou2018pp,TRUE,reported,co86tk,2,TRUE,5e-6,TRUE
rs7341594,A,G,A,G,0.5069,2e-4,0.2203,0.2175,FALSE,FALSE,FALSE,CdK0em,8,120409477,9e-4,0.22222222222222224,0.7886,32872,Grasby2020thickness,TRUE,reported,8,120409477,0.0248,20.43951612903226,5.56e-93,736955,Evangelou2018pp,TRUE,reported,co86tk,2,TRUE,5e-6,TRUE
rs73727606,A,G,A,G,0.2532,-0.002,0.0714,0.072,FALSE,FALSE,FALSE,CdK0em,7,149476324,0.0016,-1.25,0.2137,30525,Grasby2020thickness,TRUE,reported,7,149476324,0.0411,6.1605839416058394,6.990000000000001e-10,725653,Evangelou2018pp,TRUE,reported,co86tk,2,TRUE,5e-6,TRUE
rs73767089,C,T,C,T,-0.2843,-4e-4,0.1082,0.111,FALSE,FALSE,FALSE,CdK0em,6,121934290,0.0012,-0.333333,0.7294,32603,Grasby2020thickness,TRUE,reported,6,121934290,0.0332,-8.56325,1.0820000000000001e-17,738167,Evangelou2018pp,TRUE,reported,co86tk,2,TRUE,5e-6,TRUE
rs73793175,A,G,A,G,-0.2569,8e-4,0.0547,0.0579,FALSE,FALSE,FALSE,CdK0em,4,1255460,0.0018,0.4444444444444445,0.6518,31871,Grasby2020thickness,TRUE,reported,4,1255460,0.0474,-5.419831223628693,5.944e-8,733337,Evangelou2018pp,TRUE,reported,co86tk,2,TRUE,5e-6,TRUE
rs73900405,G,A,G,A,-0.1651,-0.001,0.2482,0.2512,FALSE,FALSE,FALSE,CdK0em,20,19524364,9e-4,-1.11111,0.2595,32872,Grasby2020thickness,TRUE,reported,20,19524364,0.0237,-6.96624,3.335e-12,744704,Evangelou2018pp,TRUE,reported,co86tk,2,TRUE,5e-6,TRUE
rs74048200,G,A,G,A,0.2268,-0.001,0.0861,0.0797,FALSE,FALSE,FALSE,CdK0em,11,2120298,0.0015,-0.666667,0.5082,30806,Grasby2020thickness,TRUE,reported,11,2120298,0.039,5.81538,6.054000000000001e-9,718172,Evangelou2018pp,TRUE,reported,co86tk,2,TRUE,5e-6,TRUE
rs7412,T,C,T,C,-0.3769,-0,0.0818,0.0859,FALSE,FALSE,FALSE,CdK0em,19,45412079,0.0014,-0,0.9926,30007,Grasby2020thickness,TRUE,reported,19,45412079,0.0391,-9.639386189258312,5.732000000000001e-22,723329,Evangelou2018pp,TRUE,reported,co86tk,2,TRUE,5e-6,FALSE
rs74179970,A,G,A,G,0.272,-0.0022,0.0812,0.0775,FALSE,FALSE,FALSE,CdK0em,19,11287001,0.0015,-1.4666666666666668,0.1446,30946,Grasby2020thickness,TRUE,reported,19,11287001,0.0387,7.02842377260982,2.092e-12,741586,Evangelou2018pp,TRUE,reported,co86tk,2,TRUE,5e-6,TRUE
rs74707969,G,A,G,A,-0.1824,-7e-4,0.0998,0.1049,FALSE,FALSE,FALSE,CdK0em,14,53266966,0.0012,-0.583333,0.57,32872,Grasby2020thickness,TRUE,reported,14,53266966,0.0344,-5.30233,1.1369999999999999e-7,745820,Evangelou2018pp,TRUE,reported,co86tk,2,TRUE,5e-6,TRUE
rs74889068,A,G,A,G,0.2053,0.0022,0.1453,0.1511,FALSE,FALSE,FALSE,CdK0em,19,46199363,0.0011,2,0.04535,29535,Grasby2020thickness,TRUE,reported,19,46199363,0.0298,6.8892617449664435,5.476e-12,734976,Evangelou2018pp,TRUE,reported,co86tk,2,TRUE,5e-6,TRUE
rs7491248,A,G,A,G,0.1544,-0.0019,0.224,0.2222,FALSE,FALSE,FALSE,CdK0em,13,47180671,9e-4,-2.111111111111111,0.03773,32872,Grasby2020thickness,TRUE,reported,13,47180671,0.0247,6.251012145748988,3.941e-10,737558,Evangelou2018pp,TRUE,reported,co86tk,2,TRUE,5e-6,TRUE
rs749579,G,A,G,A,-0.1536,-4e-4,0.8836,0.8822,FALSE,FALSE,FALSE,CdK0em,2,86448408,0.0012,-0.333333,0.7071,33281,Grasby2020thickness,TRUE,reported,2,86448408,0.0318,-4.83019,1.35e-6,738167,Evangelou2018pp,TRUE,reported,co86tk,2,TRUE,5e-6,TRUE
rs7497304,T,G,T,G,0.2821,0.0015,0.3269,0.3291,FALSE,FALSE,FALSE,CdK0em,15,91429176,8e-4,1.875,0.07376,32303,Grasby2020thickness,TRUE,reported,15,91429176,0.0223,12.650224215246638,1.3919999999999999e-36,724767,Evangelou2018pp,TRUE,reported,co86tk,2,TRUE,5e-6,TRUE
rs7499959,G,C,G,C,0.1405,9e-4,0.3046,0.3143,FALSE,TRUE,FALSE,CdK0em,16,88110422,9e-4,1,0.2954,32073,Grasby2020thickness,TRUE,reported,16,88110422,0.0232,6.05603,1.511e-9,742701,Evangelou2018pp,TRUE,reported,co86tk,2,TRUE,5e-6,TRUE
rs7500448,G,A,G,A,-0.3589,-0.0012,0.2536,0.253,FALSE,FALSE,FALSE,CdK0em,16,83045790,9e-4,-1.33333,0.1508,32872,Grasby2020thickness,TRUE,reported,16,83045790,0.0239,-15.0167,3.6149999999999996e-51,738974,Evangelou2018pp,TRUE,reported,co86tk,2,TRUE,5e-6,TRUE
rs75016974,T,C,T,C,-0.21899999999999997,-0.0022,0.142,0.141,FALSE,FALSE,FALSE,CdK0em,14,100197940,0.0011,-2,0.049210000000000004,31823,Grasby2020thickness,TRUE,reported,14,100197940,0.0299,-7.324414715719063,2.504e-13,744815,Evangelou2018pp,TRUE,reported,co86tk,2,TRUE,5e-6,TRUE
rs750283,C,G,C,G,-0.2285,-4e-4,0.0499,0.053,FALSE,TRUE,FALSE,CdK0em,15,86026031,0.0017,-0.23529411764705885,0.7976,32872,Grasby2020thickness,TRUE,reported,15,86026031,0.0478,-4.7803347280334725,1.779e-6,743708,Evangelou2018pp,TRUE,reported,co86tk,2,TRUE,5e-6,TRUE
rs7521837,C,T,C,T,-0.1142,-5e-4,0.2516,0.2541,FALSE,FALSE,FALSE,CdK0em,1,154252860,9e-4,-0.555556,0.5788,32279,Grasby2020thickness,TRUE,reported,1,154252860,0.0237,-4.81857,1.52e-6,738167,Evangelou2018pp,TRUE,reported,co86tk,2,TRUE,5e-6,TRUE
rs753361,A,G,A,G,0.1289,-3e-4,0.4211,0.4138,FALSE,FALSE,FALSE,CdK0em,14,89574193,8e-4,-0.37499999999999994,0.6782,32872,Grasby2020thickness,TRUE,reported,14,89574193,0.0215,5.995348837209302,2.031e-9,744815,Evangelou2018pp,TRUE,reported,co86tk,2,TRUE,5e-6,TRUE
rs75461554,T,C,T,C,-0.1959,-8e-4,0.2007,0.2039,FALSE,FALSE,FALSE,CdK0em,1,15810172,9e-4,-0.888888888888889,0.3888,32872,Grasby2020thickness,TRUE,reported,1,15810172,0.0256,-7.652343749999999,1.8369999999999998e-14,738168,Evangelou2018pp,TRUE,reported,co86tk,2,TRUE,5e-6,TRUE
rs75487052,T,A,T,A,-0.2625,-8e-4,0.392,0.3847,FALSE,TRUE,FALSE,CdK0em,3,27552361,8e-4,-1,0.2997,32512,Grasby2020thickness,TRUE,reported,3,27552361,0.021,-12.5,9.46e-36,736509,Evangelou2018pp,TRUE,reported,co86tk,2,TRUE,5e-6,TRUE
rs75570604,C,G,C,G,0.2057,0.0032,0.0943,0.0906,FALSE,TRUE,FALSE,CdK0em,16,89846677,0.0014,2.285714285714286,0.01739,32194,Grasby2020thickness,TRUE,reported,16,89846677,0.0361,5.698060941828254,1.23e-8,737262,Evangelou2018pp,TRUE,reported,co86tk,2,TRUE,5e-6,TRUE
rs7562116,G,A,G,A,0.1216,0,0.2495,0.2549,FALSE,FALSE,FALSE,CdK0em,2,232108246,9e-4,0,0.9748,31514,Grasby2020thickness,TRUE,reported,2,232108246,0.0237,5.1308,2.954e-7,729907,Evangelou2018pp,TRUE,reported,co86tk,2,TRUE,5e-6,TRUE
rs75758489,C,T,C,T,0.1763,4e-4,0.1777,0.1776,FALSE,FALSE,FALSE,CdK0em,2,165043823,0.0012,0.333333,0.7225,28242,Grasby2020thickness,TRUE,reported,2,165043823,0.0291,6.05842,1.3639999999999998e-9,737163,Evangelou2018pp,TRUE,reported,co86tk,2,TRUE,5e-6,TRUE
rs7578166,C,A,C,A,-0.1383,-2e-4,0.6139,0.61240000000000006,FALSE,FALSE,FALSE,CdK0em,2,71630041,8e-4,-0.25,0.8014,32872,Grasby2020thickness,TRUE,reported,2,71630041,0.0209,-6.61722,4.0560000000000007e-11,738169,Evangelou2018pp,TRUE,reported,co86tk,2,TRUE,5e-6,TRUE
rs75887402,C,T,C,T,-0.5292,-0.0016,0.029,0.0307,FALSE,FALSE,FALSE,CdK0em,5,122674563,0.0023,-0.695652,0.4728,32251,Grasby2020thickness,TRUE,reported,5,122674563,0.065,-8.1415400000000009,4.0499999999999997e-16,737164,Evangelou2018pp,TRUE,reported,co86tk,2,TRUE,5e-6,TRUE
rs7600493,A,G,A,G,0.1163,-4e-4,0.3714,0.3771,FALSE,FALSE,FALSE,CdK0em,2,218770003,8e-4,-0.5,0.6099,30723,Grasby2020thickness,TRUE,reported,2,218770003,0.0214,5.434579439252337,5.464e-8,738169,Evangelou2018pp,TRUE,reported,co86tk,2,TRUE,5e-6,TRUE
rs7603849,C,A,C,A,0.1564,5e-4,0.522,0.5261,FALSE,FALSE,FALSE,CdK0em,2,191438741,8e-4,0.625,0.5132,31514,Grasby2020thickness,TRUE,reported,2,191438741,0.0205,7.62927,2.284e-14,729908,Evangelou2018pp,TRUE,reported,co86tk,2,TRUE,5e-6,TRUE
rs76118041,A,G,A,G,-0.1274,9e-4,0.1743,0.1728,FALSE,FALSE,FALSE,CdK0em,12,109988723,0.001,0.8999999999999999,0.3645,32872,Grasby2020thickness,TRUE,reported,12,109988723,0.0271,-4.701107011070111,2.713e-6,745819,Evangelou2018pp,TRUE,reported,co86tk,2,TRUE,5e-6,TRUE
rs76183925,C,T,C,T,0.2019,0.0018,0.1103,0.106,FALSE,FALSE,FALSE,CdK0em,3,150061923,0.0013,1.38462,0.1415,32872,Grasby2020thickness,TRUE,reported,3,150061923,0.0331,6.0997,1.1199999999999999e-9,737055,Evangelou2018pp,TRUE,reported,co86tk,2,TRUE,5e-6,TRUE
rs7630745,C,T,C,T,-0.1636,-5e-4,0.3409,0.3362,FALSE,FALSE,FALSE,CdK0em,3,66427029,8e-4,-0.625,0.5171,32872,Grasby2020thickness,TRUE,reported,3,66427029,0.0215,-7.6093,2.7260000000000002e-14,738169,Evangelou2018pp,TRUE,reported,co86tk,2,TRUE,5e-6,TRUE
rs76381001,C,T,C,T,0.2698,-4e-4,0.0355,0.0363,FALSE,FALSE,FALSE,CdK0em,2,179951969,0.002,-0.2,0.8548,32710,Grasby2020thickness,TRUE,reported,2,179951969,0.0572,4.71678,2.359e-6,738168,Evangelou2018pp,TRUE,reported,co86tk,2,TRUE,5e-6,TRUE
rs7640747,G,C,G,C,0.1579,2e-4,0.383,0.3851,FALSE,TRUE,FALSE,CdK0em,3,37596805,8e-4,0.25,0.8462,32872,Grasby2020thickness,TRUE,reported,3,37596805,0.0214,7.3785,1.624e-13,737165,Evangelou2018pp,TRUE,reported,co86tk,2,TRUE,5e-6,TRUE
rs76441047,C,T,C,T,-0.2157,-0.0021,0.0645,0.0634,FALSE,FALSE,FALSE,CdK0em,8,74667209,0.0015,-1.4,0.1648,32872,Grasby2020thickness,TRUE,reported,8,74667209,0.0417,-5.17266,2.325e-7,737054,Evangelou2018pp,TRUE,reported,co86tk,2,TRUE,5e-6,TRUE
rs76443575,C,G,C,G,-0.3167,0.0028,0.036,0.0371,FALSE,TRUE,FALSE,CdK0em,5,96211594,0.002,1.4,0.1777,32872,Grasby2020thickness,TRUE,reported,5,96211594,0.0553,-5.726943942133815,9.978e-9,737711,Evangelou2018pp,TRUE,reported,co86tk,2,TRUE,5e-6,TRUE
rs7680738,T,C,T,C,-0.1995,0.0021,0.0884,0.0924,FALSE,FALSE,FALSE,CdK0em,4,26306354,0.0014,1.5,0.11599999999999999,32872,Grasby2020thickness,TRUE,reported,4,26306354,0.037000000000000005,-5.391891891891891,6.944e-8,735151,Evangelou2018pp,TRUE,reported,co86tk,2,TRUE,5e-6,TRUE
rs7707563,C,T,C,T,-0.1545,6e-4,0.7555,0.7576,FALSE,FALSE,FALSE,CdK0em,5,15695932,9e-4,0.666667,0.5119,32872,Grasby2020thickness,TRUE,reported,5,15695932,0.0238,-6.4916,8.838000000000001e-11,738168,Evangelou2018pp,TRUE,reported,co86tk,2,TRUE,5e-6,TRUE
rs77301788,C,T,C,T,0.1633,0.001,0.3094,0.3081,FALSE,FALSE,FALSE,CdK0em,4,120935531,8e-4,1.25,0.2048,32872,Grasby2020thickness,TRUE,reported,4,120935531,0.0221,7.38914,1.668e-13,735150,Evangelou2018pp,TRUE,reported,co86tk,2,TRUE,5e-6,TRUE
rs7733331,C,T,C,T,0.3378,4e-4,0.6008,0.5952,FALSE,FALSE,FALSE,CdK0em,5,32828846,8e-4,0.5,0.5803,32872,Grasby2020thickness,TRUE,reported,5,32828846,0.0209,16.1627,6.005999999999999e-59,736111,Evangelou2018pp,TRUE,reported,co86tk,2,TRUE,5e-6,TRUE
rs7763294,G,T,G,T,0.1551,0.0017,0.6838,0.6873,FALSE,FALSE,FALSE,CdK0em,6,140383733,8e-4,2.125,0.04621,32243,Grasby2020thickness,TRUE,reported,6,140383733,0.022000000000000002,7.05,1.872e-12,738169,Evangelou2018pp,TRUE,reported,co86tk,2,TRUE,5e-6,TRUE
rs7774311,A,G,A,G,-0.3547,0.0014,0.8489,0.8498,FALSE,FALSE,FALSE,CdK0em,6,159726752,0.0011,1.2727272727272727,0.1968,33012,Grasby2020thickness,TRUE,reported,6,159726752,0.0288,-12.315972222222223,9.11e-35,737165,Evangelou2018pp,TRUE,reported,co86tk,2,TRUE,5e-6,TRUE
rs7796,G,C,G,C,-0.2021,-1e-4,0.4883,0.4891,FALSE,TRUE,TRUE,CdK0em,1,1683900,8e-4,-0.125,0.9415,29343,Grasby2020thickness,TRUE,reported,1,1684169,0.0213,-9.48826,2.8249999999999997e-21,726899,Evangelou2018pp,TRUE,reported,co86tk,2,FALSE,5e-6,TRUE
rs7804190,C,A,C,A,-0.1101,0.0013,0.6334,0.6318,FALSE,FALSE,FALSE,CdK0em,7,1993899,8e-4,1.625,0.08857999999999999,32872,Grasby2020thickness,TRUE,reported,7,1993899,0.0215,-5.12093,3.165e-7,735053,Evangelou2018pp,TRUE,reported,co86tk,2,TRUE,5e-6,TRUE
rs7821832,G,T,G,T,-0.2137,-0.0013,0.2552,0.2545,FALSE,FALSE,FALSE,CdK0em,8,25889446,9e-4,-1.44444,0.1306,32872,Grasby2020thickness,TRUE,reported,8,25889446,0.0236,-9.05508,1.538e-19,729908,Evangelou2018pp,TRUE,reported,co86tk,2,TRUE,5e-6,TRUE
rs7837081,T,C,T,C,-0.2041,2e-4,0.0702,0.0696,FALSE,FALSE,FALSE,CdK0em,8,122630263,0.0015,0.13333333333333333,0.9149,32771,Grasby2020thickness,TRUE,reported,8,122630263,0.0407,-5.014742014742015,5.457e-7,738168,Evangelou2018pp,TRUE,reported,co86tk,2,TRUE,5e-6,TRUE
rs78378222,G,T,G,T,-1.0488,0.0029,0.0139,0.0153,FALSE,FALSE,FALSE,CdK0em,17,7571752,0.0034,0.852941,0.3954,31831,Grasby2020thickness,TRUE,reported,17,7571752,0.0945,-11.0984,1.283e-28,729956,Evangelou2018pp,TRUE,reported,co86tk,2,TRUE,5e-6,TRUE
rs7853859,C,T,C,T,-0.1212,-0.0012,0.3671,0.3708,FALSE,FALSE,FALSE,CdK0em,9,95151377,8e-4,-1.5,0.1199,32872,Grasby2020thickness,TRUE,reported,9,95151377,0.0212,-5.71698,1.111e-8,744706,Evangelou2018pp,TRUE,reported,co86tk,2,TRUE,5e-6,TRUE
rs7854147,G,A,G,A,-0.2778,-8e-4,0.1227,0.1279,FALSE,FALSE,FALSE,CdK0em,9,125863350,0.0011,-0.727273,0.4759,33281,Grasby2020thickness,TRUE,reported,9,125863350,0.0314,-8.84713,8.162000000000001e-19,737099,Evangelou2018pp,TRUE,reported,co86tk,2,TRUE,5e-6,TRUE
rs7857437,T,C,T,C,0.3696,-0.0013,0.0318,0.0326,FALSE,FALSE,FALSE,CdK0em,9,113145299,0.0022,-0.5909090909090908,0.5578,32872,Grasby2020thickness,TRUE,reported,9,113145299,0.0591,6.253807106598985,4.125e-10,745816,Evangelou2018pp,TRUE,reported,co86tk,2,TRUE,5e-6,TRUE
rs786923,T,C,T,C,-0.1984,-0.002,0.6236,0.6311,FALSE,FALSE,FALSE,CdK0em,1,89242954,8e-4,-2.5,0.008695,32512,Grasby2020thickness,TRUE,reported,1,89242954,0.021,-9.447619047619046,3.9780000000000005e-21,737055,Evangelou2018pp,TRUE,reported,co86tk,2,TRUE,5e-6,TRUE
rs78753733,G,A,G,A,-0.2992,7e-4,0.0375,0.0366,FALSE,FALSE,FALSE,CdK0em,12,123612436,0.0021,0.333333,0.7207,32872,Grasby2020thickness,TRUE,reported,12,123612436,0.0569,-5.25835,1.492e-7,744814,Evangelou2018pp,TRUE,reported,co86tk,2,TRUE,5e-6,TRUE
rs78799967,T,C,T,C,-0.4695,0.0089,0.0265,0.0286,FALSE,FALSE,FALSE,CdK0em,11,118266523,0.0028,3.1785714285714284,0.001415,27528,Grasby2020thickness,TRUE,reported,11,118266523,0.0689,-6.814223512336719,9.390000000000001e-12,723489,Evangelou2018pp,TRUE,reported,co86tk,2,TRUE,5e-6,TRUE
rs78806058,A,G,A,G,-0.1873,-0.0016,0.1356,0.1383,FALSE,FALSE,FALSE,CdK0em,4,146656092,0.0012,-1.3333333333333335,0.1672,32411,Grasby2020thickness,TRUE,reported,4,146656092,0.0312,-6.003205128205129,1.948e-9,734144,Evangelou2018pp,TRUE,reported,co86tk,2,TRUE,5e-6,TRUE
rs79409628,T,G,T,G,-0.3086,0.0023,0.0846,0.0834,FALSE,FALSE,FALSE,CdK0em,5,108113740,0.0014,1.6428571428571428,0.09116,32872,Grasby2020thickness,TRUE,reported,5,108113740,0.0368,-8.38586956521739,5.237000000000001e-17,737055,Evangelou2018pp,TRUE,reported,co86tk,2,TRUE,5e-6,TRUE
rs79656279,G,A,G,A,0.1481,-5e-4,0.1361,0.1334,FALSE,FALSE,FALSE,CdK0em,2,144174700,0.0011,-0.454545,0.6352,32872,Grasby2020thickness,TRUE,reported,2,144174700,0.0299,4.95318,7.231999999999999e-7,738169,Evangelou2018pp,TRUE,reported,co86tk,2,TRUE,5e-6,TRUE
rs7977311,T,C,T,C,-0.19899999999999998,1e-4,0.1156,0.1132,FALSE,FALSE,FALSE,CdK0em,12,95487226,0.0012,0.08333333333333334,0.9179,32872,Grasby2020thickness,TRUE,reported,12,95487226,0.032,-6.218749999999999,4.878e-10,745818,Evangelou2018pp,TRUE,reported,co86tk,2,TRUE,5e-6,TRUE
rs79782817,T,G,T,G,0.1594,3e-4,0.1026,0.1044,FALSE,FALSE,FALSE,CdK0em,6,25882678,0.0012,0.25,0.821,32872,Grasby2020thickness,TRUE,reported,6,25882678,0.0339,4.702064896755162,2.537e-6,736110,Evangelou2018pp,TRUE,reported,co86tk,2,TRUE,5e-6,TRUE
rs7980976,A,T,A,T,0.1957,-5e-4,0.0748,0.0776,FALSE,TRUE,FALSE,CdK0em,12,20034353,0.0015,-0.3333333333333333,0.7544,32680,Grasby2020thickness,TRUE,reported,12,20034353,0.0398,4.917085427135678,8.881e-7,745817,Evangelou2018pp,TRUE,reported,co86tk,2,TRUE,5e-6,TRUE
rs8009633,C,G,C,G,0.2072,-8e-4,0.2356,0.2448,FALSE,TRUE,FALSE,CdK0em,14,53386836,9e-4,-0.888888888888889,0.3933,32872,Grasby2020thickness,TRUE,reported,14,53386836,0.0245,8.457142857142857,2.362e-17,744814,Evangelou2018pp,TRUE,reported,co86tk,2,TRUE,5e-6,TRUE
rs8010344,G,A,G,A,-0.1513,-3e-4,0.1799,0.1762,FALSE,FALSE,FALSE,CdK0em,14,93086918,0.001,-0.3,0.7801,32872,Grasby2020thickness,TRUE,reported,14,93086918,0.0269,-5.62454,1.805e-8,745818,Evangelou2018pp,TRUE,reported,co86tk,2,TRUE,5e-6,TRUE
rs8017780,A,C,A,C,0.162,6e-4,0.2139,0.2169,FALSE,FALSE,FALSE,CdK0em,14,103987305,9e-4,0.6666666666666666,0.5536,32015,Grasby2020thickness,TRUE,reported,14,103987305,0.0251,6.4541832669322705,1.141e-10,745818,Evangelou2018pp,TRUE,reported,co86tk,2,TRUE,5e-6,TRUE
rs80346118,A,G,A,G,-0.1497,-0.0014,0.1477,0.1488,FALSE,FALSE,FALSE,CdK0em,20,47411149,0.0011,-1.2727272727272727,0.185,32872,Grasby2020thickness,TRUE,reported,20,47411149,0.0289,-5.179930795847751,2.2949999999999998e-7,745818,Evangelou2018pp,TRUE,reported,co86tk,2,TRUE,5e-6,TRUE
rs8047146,A,G,A,G,0.1322,-3e-4,0.2045,0.1978,FALSE,FALSE,FALSE,CdK0em,16,75304086,0.0011,-0.2727272727272727,0.8095,30589,Grasby2020thickness,TRUE,reported,16,75304086,0.0276,4.7898550724637685,1.611e-6,741196,Evangelou2018pp,TRUE,reported,co86tk,2,TRUE,5e-6,TRUE
rs8052826,G,A,G,A,-0.1683,0.0016,0.7887,0.7936,FALSE,FALSE,FALSE,CdK0em,16,4425528,9e-4,1.77778,0.08025,32235,Grasby2020thickness,TRUE,reported,16,4425528,0.0254,-6.62598,3.396e-11,742703,Evangelou2018pp,TRUE,reported,co86tk,2,TRUE,5e-6,TRUE
rs8053909,G,C,G,C,0.1309,-6e-4,0.3395,0.3342,FALSE,TRUE,FALSE,CdK0em,16,65229345,9e-4,-0.666667,0.5002,32872,Grasby2020thickness,TRUE,reported,16,65229345,0.0228,5.74123,8.794999999999999e-9,743699,Evangelou2018pp,TRUE,reported,co86tk,2,TRUE,5e-6,TRUE
rs8095257,A,T,A,T,-0.1074,1e-4,0.5174,0.514,FALSE,TRUE,TRUE,CdK0em,18,73033372,8e-4,0.125,0.9015,32872,Grasby2020thickness,TRUE,reported,18,73033494,0.0205,-5.239024390243902,1.639e-7,745819,Evangelou2018pp,TRUE,reported,co86tk,2,FALSE,5e-6,TRUE
rs8102624,A,G,A,G,0.5573,0.0026,0.0772,0.0829,FALSE,FALSE,FALSE,CdK0em,19,2161443,0.0014,1.857142857142857,0.06286,32764,Grasby2020thickness,TRUE,reported,19,2161443,0.0393,14.180661577608141,1.1069999999999999e-45,743706,Evangelou2018pp,TRUE,reported,co86tk,2,TRUE,5e-6,TRUE
rs8118848,A,G,A,G,-0.1881,2e-4,0.2403,0.2446,FALSE,FALSE,FALSE,CdK0em,20,62461572,0.001,0.2,0.851,31612,Grasby2020thickness,TRUE,reported,20,62461572,0.0249,-7.554216867469879,4.3539999999999997e-14,727823,Evangelou2018pp,TRUE,reported,co86tk,2,TRUE,5e-6,TRUE
rs848445,C,T,C,T,0.1309,-0.0015,0.7146,0.7128,FALSE,FALSE,FALSE,CdK0em,7,77572461,8e-4,-1.875,0.08281000000000001,32872,Grasby2020thickness,TRUE,reported,7,77572461,0.023,5.6913,1.242e-8,738169,Evangelou2018pp,TRUE,reported,co86tk,2,TRUE,5e-6,TRUE
rs853170,C,T,C,T,-0.152,-9e-4,0.2628,0.2662,FALSE,FALSE,FALSE,CdK0em,5,142537474,9e-4,-1,0.2691,32441,Grasby2020thickness,TRUE,reported,5,142537474,0.0233,-6.52361,7.126999999999999e-11,735150,Evangelou2018pp,TRUE,reported,co86tk,2,TRUE,5e-6,TRUE
rs858185,C,T,C,T,0.1037,7e-4,0.2844,0.2789,FALSE,FALSE,FALSE,CdK0em,16,21080492,8e-4,0.875,0.3773,32872,Grasby2020thickness,TRUE,reported,16,21080492,0.0227,4.56828,4.775e-6,745820,Evangelou2018pp,TRUE,reported,co86tk,2,TRUE,5e-6,TRUE
rs916904,G,A,G,A,-0.1199,-1e-4,0.6293,0.6216,FALSE,FALSE,FALSE,CdK0em,19,663929,8e-4,-0.125,0.9126,30152,Grasby2020thickness,TRUE,reported,19,663929,0.0217,-5.52535,3.334e-8,731174,Evangelou2018pp,TRUE,reported,co86tk,2,TRUE,5e-6,TRUE
rs925484,G,C,G,C,0.1492,3e-4,0.4007,0.4034,FALSE,TRUE,FALSE,CdK0em,2,60611437,8e-4,0.375,0.6633,32872,Grasby2020thickness,TRUE,reported,2,60611437,0.0209,7.13876,8.655e-13,729451,Evangelou2018pp,TRUE,reported,co86tk,2,TRUE,5e-6,TRUE
rs9291825,G,A,G,A,0.1274,-9e-4,0.5162,0.5143,FALSE,FALSE,FALSE,CdK0em,5,64084524,8e-4,-1.125,0.2237,32872,Grasby2020thickness,TRUE,reported,5,64084524,0.0206,6.18447,5.909e-10,738170,Evangelou2018pp,TRUE,reported,co86tk,2,TRUE,5e-6,TRUE
rs929581,C,T,C,T,-0.1318,-3e-4,0.3544,0.3482,FALSE,FALSE,FALSE,CdK0em,18,20069699,8e-4,-0.375,0.6536,32872,Grasby2020thickness,TRUE,reported,18,20069699,0.0213,-6.18779,5.727e-10,745819,Evangelou2018pp,TRUE,reported,co86tk,2,TRUE,5e-6,TRUE
rs9302885,G,A,G,A,-0.1208,0.002,0.5545,0.5538,FALSE,FALSE,FALSE,CdK0em,17,76799898,8e-4,2.5,0.009964,32872,Grasby2020thickness,TRUE,reported,17,76799898,0.0206,-5.86408,4.1189999999999995e-9,744706,Evangelou2018pp,TRUE,reported,co86tk,2,TRUE,5e-6,TRUE
rs9310608,T,C,T,C,-0.1673,5e-4,0.1435,0.1375,FALSE,FALSE,FALSE,CdK0em,3,20147262,0.0011,0.45454545454545453,0.6809999999999999,32512,Grasby2020thickness,TRUE,reported,3,20147262,0.0295,-5.671186440677967,1.453e-8,729449,Evangelou2018pp,TRUE,reported,co86tk,2,TRUE,5e-6,TRUE
rs932996,C,T,C,T,-0.1205,-2e-4,0.3241,0.3275,FALSE,FALSE,FALSE,CdK0em,10,59866430,8e-4,-0.25,0.8283,30754,Grasby2020thickness,TRUE,reported,10,59866430,0.0225,-5.35556,8.929e-8,723455,Evangelou2018pp,TRUE,reported,co86tk,2,TRUE,5e-6,TRUE
rs9337951,A,G,A,G,0.2583,2e-4,0.3415,0.3407,FALSE,FALSE,FALSE,CdK0em,10,30317073,8e-4,0.25,0.8394,32872,Grasby2020thickness,TRUE,reported,10,30317073,0.0227,11.378854625550659,4.238e-30,737165,Evangelou2018pp,TRUE,reported,co86tk,2,TRUE,5e-6,TRUE
rs9340985,C,T,C,T,0.4763,-0.0035,0.1095,0.1136,FALSE,FALSE,FALSE,CdK0em,6,152341587,0.0012,-2.91667,0.004291,31989,Grasby2020thickness,TRUE,reported,6,152341587,0.033,14.4333,4.1979999999999997e-47,738167,Evangelou2018pp,TRUE,reported,co86tk,2,TRUE,5e-6,TRUE
rs9349379,G,A,G,A,-0.2677,0.0013,0.4068,0.4015,FALSE,FALSE,FALSE,CdK0em,6,12903957,8e-4,1.625,0.07958,32872,Grasby2020thickness,TRUE,reported,6,12903957,0.0212,-12.6274,1.3149999999999999e-36,737164,Evangelou2018pp,TRUE,reported,co86tk,2,TRUE,5e-6,TRUE
rs9356816,G,A,G,A,0.1292,4e-4,0.2498,0.2471,FALSE,FALSE,FALSE,CdK0em,6,22416880,9e-4,0.444444,0.6606,32872,Grasby2020thickness,TRUE,reported,6,22416880,0.0236,5.47458,4.353e-8,738170,Evangelou2018pp,TRUE,reported,co86tk,2,TRUE,5e-6,TRUE
rs9368222,A,C,A,C,0.11599999999999999,-3e-4,0.2683,0.27,FALSE,FALSE,FALSE,CdK0em,6,20686996,9e-4,-0.3333333333333333,0.7048,32872,Grasby2020thickness,TRUE,reported,6,20686996,0.0231,5.021645021645021,4.959e-7,738169,Evangelou2018pp,TRUE,reported,co86tk,2,TRUE,5e-6,TRUE
rs9392172,G,C,G,C,0.1845,-7e-4,0.4641,0.4555,FALSE,TRUE,TRUE,CdK0em,6,7723962,8e-4,-0.875,0.3626,32512,Grasby2020thickness,TRUE,reported,6,7723962,0.0205,9,2.5699999999999996e-19,738169,Evangelou2018pp,TRUE,reported,co86tk,2,FALSE,5e-6,TRUE
rs9399122,T,C,T,C,-0.1085,-1e-4,0.464,0.4664,FALSE,FALSE,FALSE,CdK0em,6,135110879,8e-4,-0.125,0.8985,32243,Grasby2020thickness,TRUE,reported,6,135110879,0.0208,-5.216346153846154,1.7769999999999998e-7,737056,Evangelou2018pp,TRUE,reported,co86tk,2,TRUE,5e-6,TRUE
rs9411224,T,C,T,C,0.1185,2e-4,0.6105,0.606,FALSE,FALSE,FALSE,CdK0em,9,139631847,8e-4,0.25,0.7974,32764,Grasby2020thickness,TRUE,reported,9,139631847,0.0218,5.435779816513762,5.3289999999999996e-8,725821,Evangelou2018pp,TRUE,reported,co86tk,2,TRUE,5e-6,TRUE
rs9428222,A,G,A,G,-0.0976,-3e-4,0.4889,0.4924,FALSE,FALSE,FALSE,CdK0em,1,116300602,8e-4,-0.37499999999999994,0.7329,32512,Grasby2020thickness,TRUE,reported,1,116300602,0.0204,-4.784313725490196,1.754e-6,737056,Evangelou2018pp,TRUE,reported,co86tk,2,TRUE,5e-6,TRUE
rs9486916,T,C,T,C,0.1842,0.0015,0.1975,0.1999,FALSE,FALSE,FALSE,CdK0em,6,109013930,9e-4,1.6666666666666667,0.1203,32872,Grasby2020thickness,TRUE,reported,6,109013930,0.0261,7.057471264367816,1.836e-12,729449,Evangelou2018pp,TRUE,reported,co86tk,2,TRUE,5e-6,TRUE
rs949827,C,T,C,T,-0.1523,0.0012,0.3253,0.3223,FALSE,FALSE,FALSE,CdK0em,1,59841785,8e-4,1.5,0.1293,32872,Grasby2020thickness,TRUE,reported,1,59841785,0.0218,-6.98624,2.6319999999999993e-12,738170,Evangelou2018pp,TRUE,reported,co86tk,2,TRUE,5e-6,TRUE
rs9512597,C,T,C,T,-0.1472,-0.001,0.1215,0.1227,FALSE,FALSE,FALSE,CdK0em,13,27854199,0.0011,-0.909091,0.3923,33281,Grasby2020thickness,TRUE,reported,13,27854199,0.0316,-4.65823,3.2269999999999998e-6,745817,Evangelou2018pp,TRUE,reported,co86tk,2,TRUE,5e-6,TRUE
rs9532798,T,C,T,C,0.1395,5e-4,0.7584,0.755,FALSE,FALSE,FALSE,CdK0em,13,41956296,9e-4,0.5555555555555556,0.5333,32680,Grasby2020thickness,TRUE,reported,13,41956296,0.0241,5.78838174273859,7.619e-9,739796,Evangelou2018pp,TRUE,reported,co86tk,2,TRUE,5e-6,TRUE
rs9532959,A,G,A,G,0.1905,-2e-4,0.0796,0.0817,FALSE,FALSE,FALSE,CdK0em,13,42543516,0.0014,-0.14285714285714288,0.8626,33281,Grasby2020thickness,TRUE,reported,13,42543516,0.038,5.0131578947368425,5.198e-7,745820,Evangelou2018pp,TRUE,reported,co86tk,2,TRUE,5e-6,TRUE
rs9549328,T,C,T,C,0.2164,-0.0012,0.2304,0.227,FALSE,FALSE,FALSE,CdK0em,13,113636156,9e-4,-1.3333333333333333,0.1933,32302,Grasby2020thickness,TRUE,reported,13,113636156,0.0247,8.761133603238866,1.768e-18,743705,Evangelou2018pp,TRUE,reported,co86tk,2,TRUE,5e-6,TRUE
rs9608690,A,G,A,G,-0.2489,-6e-4,0.0681,0.0715,FALSE,FALSE,FALSE,CdK0em,22,28921347,0.0015,-0.39999999999999997,0.688,32639,Grasby2020thickness,TRUE,reported,22,28921347,0.0409,-6.08557457212714,1.154e-9,745818,Evangelou2018pp,TRUE,reported,co86tk,2,TRUE,5e-6,TRUE
rs963920,G,T,G,T,0.1172,-1e-4,0.3251,0.3247,FALSE,FALSE,FALSE,CdK0em,18,12711052,8e-4,-0.125,0.8873,32512,Grasby2020thickness,TRUE,reported,18,12711052,0.0218,5.37615,8.035e-8,745820,Evangelou2018pp,TRUE,reported,co86tk,2,TRUE,5e-6,TRUE
rs9661802,C,A,C,A,-0.1377,0.0014,0.3345,0.3326,FALSE,FALSE,FALSE,CdK0em,1,6678864,8e-4,1.75,0.09904,32872,Grasby2020thickness,TRUE,reported,1,6678864,0.0218,-6.31651,2.659e-10,738169,Evangelou2018pp,TRUE,reported,co86tk,2,TRUE,5e-6,TRUE
rs9747001,A,G,A,G,-0.209,-8e-4,0.2083,0.2155,FALSE,FALSE,FALSE,CdK0em,17,46154669,9e-4,-0.888888888888889,0.3646,32872,Grasby2020thickness,TRUE,reported,17,46154669,0.0251,-8.326693227091633,8.838e-17,745820,Evangelou2018pp,TRUE,reported,co86tk,2,TRUE,5e-6,TRUE
rs977184,C,T,C,T,0.1947,-6e-4,0.3741,0.3722,FALSE,FALSE,FALSE,CdK0em,7,28650761,8e-4,-0.75,0.4126,32872,Grasby2020thickness,TRUE,reported,7,28650761,0.0213,9.14085,6.861000000000001e-20,729451,Evangelou2018pp,TRUE,reported,co86tk,2,TRUE,5e-6,TRUE
rs9833313,T,A,T,A,0.1123,-0.0017,0.7578,0.7598,FALSE,TRUE,FALSE,CdK0em,3,157576791,9e-4,-1.88889,0.04584,32872,Grasby2020thickness,TRUE,reported,3,157576791,0.0242,4.6405,3.3439999999999997e-6,737055,Evangelou2018pp,TRUE,reported,co86tk,2,TRUE,5e-6,TRUE
rs9835724,G,A,G,A,-0.1626,-0.0012,0.3148,0.3175,FALSE,FALSE,FALSE,CdK0em,3,84964976,8e-4,-1.5,0.1217,32872,Grasby2020thickness,TRUE,reported,3,84964976,0.0221,-7.35747,1.819e-13,738170,Evangelou2018pp,TRUE,reported,co86tk,2,TRUE,5e-6,TRUE
rs9835962,A,C,A,C,-0.2514,-0.0021,0.0749,0.0817,FALSE,FALSE,FALSE,CdK0em,3,168693089,0.0014,-1.5,0.13,32872,Grasby2020thickness,TRUE,reported,3,168693089,0.0392,-6.413265306122449,1.404e-10,729907,Evangelou2018pp,TRUE,reported,co86tk,2,TRUE,5e-6,TRUE
rs9839213,C,T,C,T,0.5316,6e-4,0.8299,0.8221,FALSE,FALSE,FALSE,CdK0em,3,41918992,0.001,0.6,0.5614,32872,Grasby2020thickness,TRUE,reported,3,41918992,0.0279,19.0538,4.0329999999999994e-81,737164,Evangelou2018pp,TRUE,reported,co86tk,2,TRUE,5e-6,TRUE
rs9848170,C,G,C,G,0.1926,-1e-4,0.597,0.5895,FALSE,TRUE,FALSE,CdK0em,3,11495983,8e-4,-0.125,0.9309,32872,Grasby2020thickness,TRUE,reported,3,11495983,0.0208,9.259615384615385,2.432e-20,738170,Evangelou2018pp,TRUE,reported,co86tk,2,TRUE,5e-6,TRUE
rs9860290,A,G,A,G,-0.1737,1e-4,0.2092,0.2046,FALSE,FALSE,FALSE,CdK0em,3,99839106,9e-4,0.11111111111111112,0.8876,32872,Grasby2020thickness,TRUE,reported,3,99839106,0.0252,-6.892857142857142,5.224e-12,737162,Evangelou2018pp,TRUE,reported,co86tk,2,TRUE,5e-6,TRUE
rs9860302,G,A,G,A,0.1365,0.0016,0.2809,0.2837,FALSE,FALSE,FALSE,CdK0em,3,149681694,8e-4,2,0.05112,32872,Grasby2020thickness,TRUE,reported,3,149681694,0.0227,6.01322,1.885e-9,738169,Evangelou2018pp,TRUE,reported,co86tk,2,TRUE,5e-6,TRUE
rs9937815,G,A,G,A,0.1386,-0.0016,0.3266,0.3335,FALSE,FALSE,FALSE,CdK0em,16,56330832,8e-4,-2,0.04736,32872,Grasby2020thickness,TRUE,reported,16,56330832,0.022000000000000002,6.3,2.8689999999999996e-10,745819,Evangelou2018pp,TRUE,reported,co86tk,2,TRUE,5e-6,TRUE
rs9957388,C,G,C,G,-0.2373,0.0013,0.3268,0.3301,FALSE,TRUE,FALSE,CdK0em,18,42011008,8e-4,1.6249999999999998,0.10400000000000001,32872,Grasby2020thickness,TRUE,reported,18,42011008,0.0218,-10.885321100917432,1.65e-27,745819,Evangelou2018pp,TRUE,reported,co86tk,2,TRUE,5e-6,TRUE
rs9993504,T,C,T,C,-0.0969,0.0017,0.4045,0.4079,FALSE,FALSE,FALSE,CdK0em,4,160099770,8e-4,2.125,0.0288,32512,Grasby2020thickness,TRUE,reported,4,160099770,0.0209,-4.636363636363637,3.45e-6,737164,Evangelou2018pp,TRUE,reported,co86tk,2,TRUE,5e-6,TRUE
rs999958,A,C,A,C,-0.2208,3e-4,0.4828,0.4874,FALSE,FALSE,FALSE,CdK0em,4,169698873,8e-4,0.37499999999999994,0.7232,32404,Grasby2020thickness,TRUE,reported,4,169698873,0.0205,-10.770731707317072,5.69e-27,729908,Evangelou2018pp,TRUE,reported,co86tk,2,TRUE,5e-6,TRUE
