SNP,effect_allele.exposure,other_allele.exposure,effect_allele.outcome,other_allele.outcome,beta.exposure,beta.outcome,eaf.exposure,eaf.outcome,remove,palindromic,ambiguous,id.outcome,chr.outcome,pos.outcome,se.outcome,z.outcome,pval.outcome,samplesize.outcome,outcome,mr_keep.outcome,pval_origin.outcome,chr.exposure,pos.exposure,se.exposure,z.exposure,pval.exposure,samplesize.exposure,exposure,mr_keep.exposure,pval_origin.exposure,id.exposure,action,mr_keep,pt,pleitropy_keep
rs10045708,G,T,G,T,0.0218601,0.0051,0.090195,0.0942,FALSE,FALSE,FALSE,pPNXWV,5,151763278,0.0323,0.157895,0.8746,40255,Huang2017aaos,TRUE,reported,5,151763278,0.00424973,5.14388,2.7e-7,335576,Niarchou2020meat,TRUE,reported,br1TwL,2,TRUE,5e-6,TRUE
rs10055701,G,A,G,A,0.0131404,-0.0024,0.266154,0.2721,FALSE,FALSE,FALSE,pPNXWV,5,174474145,0.0137,-0.175182,0.8626,40255,Huang2017aaos,TRUE,reported,5,174474145,0.00275964,4.76164,1.9e-6,335576,Niarchou2020meat,TRUE,reported,br1TwL,2,TRUE,5e-6,TRUE
rs10064431,C,T,C,T,0.0159263,-0.0193,0.524467,0.5074,FALSE,FALSE,FALSE,pPNXWV,5,92950673,0.0274,-0.70438,0.4829,40255,Huang2017aaos,TRUE,reported,5,92950673,0.00243369,6.5441,6e-11,335576,Niarchou2020meat,TRUE,reported,br1TwL,2,TRUE,5e-6,TRUE
rs10125463,T,A,T,A,0.0206152,-0.0039,0.506358,0.5282,FALSE,TRUE,TRUE,pPNXWV,9,15677925,0.027,0.144444,0.8847,40255,Huang2017aaos,TRUE,reported,9,15677925,0.00244783,8.42183,3.7e-17,335576,Niarchou2020meat,TRUE,reported,br1TwL,2,FALSE,5e-6,TRUE
rs10200577,C,T,C,T,0.0127311,-0.0125,0.641752,0.6473,FALSE,FALSE,FALSE,pPNXWV,2,182099816,0.0127,-0.984252,0.3267,40255,Huang2017aaos,TRUE,reported,2,182099816,0.00255744,4.97806,6.4e-7,335576,Niarchou2020meat,TRUE,reported,br1TwL,2,TRUE,5e-6,TRUE
rs1022875,G,A,G,A,-0.0114573,-0.0015,0.539579,0.5478,FALSE,FALSE,FALSE,pPNXWV,13,107934375,0.0256,-0.0585938,0.9544,40255,Huang2017aaos,TRUE,reported,13,107934375,0.00246703,-4.64417,3.4e-6,335576,Niarchou2020meat,TRUE,reported,br1TwL,2,TRUE,5e-6,TRUE
rs10809421,A,T,A,T,-0.0131573,0.0087,0.409775,0.4076,FALSE,TRUE,FALSE,pPNXWV,9,11321937,0.0192,0.453125,0.6517,40255,Huang2017aaos,TRUE,reported,9,11321937,0.00248794,-5.28843,1.2e-7,335576,Niarchou2020meat,TRUE,reported,br1TwL,2,TRUE,5e-6,TRUE
rs10842393,G,C,G,C,0.0134043,-0.0204,0.629581,0.6159,FALSE,TRUE,FALSE,pPNXWV,12,24831709,0.0196,-1.04082,0.2988,40255,Huang2017aaos,TRUE,reported,12,24831709,0.00252522,5.30817,1.1e-7,335576,Niarchou2020meat,TRUE,reported,br1TwL,2,TRUE,5e-6,TRUE
rs10900457,A,G,A,G,-0.0143457,-0.0014,0.621425,0.6126,FALSE,FALSE,FALSE,pPNXWV,1,205146726,0.0125,-0.11199999999999999,0.9131,40255,Huang2017aaos,TRUE,reported,1,205146726,0.00250486,-5.72715,1e-8,335576,Niarchou2020meat,TRUE,reported,br1TwL,2,TRUE,5e-6,TRUE
rs10907186,A,T,A,T,0.0121443,0.0233,0.661903,0.6537,FALSE,TRUE,FALSE,pPNXWV,1,1741516,0.0292,0.7979452054794521,0.4253,40255,Huang2017aaos,TRUE,reported,1,1741516,0.00257936,4.70826,2.5e-6,335576,Niarchou2020meat,TRUE,reported,br1TwL,2,TRUE,5e-6,TRUE
rs10934419,C,A,C,A,-0.0116438,-0.0097,0.643783,0.6505,FALSE,FALSE,FALSE,pPNXWV,3,117543342,0.0127,-0.76378,0.4476,40255,Huang2017aaos,TRUE,reported,3,117543342,0.00254074,-4.58284,4.6e-6,335576,Niarchou2020meat,TRUE,reported,br1TwL,2,TRUE,5e-6,TRUE
rs10972033,T,G,T,G,0.0127431,-0.0101,0.45689,0.4515,FALSE,FALSE,FALSE,pPNXWV,9,34269732,0.0122,-0.8278688524590163,0.409,40255,Huang2017aaos,TRUE,reported,9,34269732,0.00243598,5.2312,1.7e-7,335576,Niarchou2020meat,TRUE,reported,br1TwL,2,TRUE,5e-6,TRUE
rs11034813,C,G,C,G,-0.0125637,-0.0348,0.522423,0.5077,FALSE,TRUE,TRUE,pPNXWV,11,38531551,0.0266,-1.3082706766917294,0.1907,40255,Huang2017aaos,TRUE,reported,11,38531551,0.00245192,-5.12403,3e-7,335576,Niarchou2020meat,TRUE,reported,br1TwL,2,FALSE,5e-6,TRUE
rs11571592,C,T,C,T,0.0302579,0.0756,0.035331,0.0376,FALSE,FALSE,FALSE,pPNXWV,13,32894865,0.0875,0.864,0.3872,40255,Huang2017aaos,TRUE,reported,13,32894865,0.00662147,4.56967,4.9000000000000005e-6,335576,Niarchou2020meat,TRUE,reported,br1TwL,2,TRUE,5e-6,TRUE
rs116586859,C,T,C,T,-0.0544122,0.0078,0.01435,0.0149,FALSE,FALSE,FALSE,pPNXWV,2,17350557,0.0566,0.137809,0.8899,40255,Huang2017aaos,TRUE,reported,2,17350557,0.010222,-5.32305,1e-7,335576,Niarchou2020meat,TRUE,reported,br1TwL,2,TRUE,5e-6,TRUE
rs116627468,C,G,C,G,0.0377281,0.1144,0.025385,0.0264,FALSE,TRUE,FALSE,pPNXWV,2,115330353,0.0895,1.2782122905027933,0.2012,40255,Huang2017aaos,TRUE,reported,2,115330353,0.00770847,4.89437,9.9e-7,335576,Niarchou2020meat,TRUE,reported,br1TwL,2,TRUE,5e-6,TRUE
rs11760614,C,T,C,T,-0.0132066,0.0523,0.232913,0.221,FALSE,FALSE,FALSE,pPNXWV,7,1742691,0.0319,1.6395,0.1006,40255,Huang2017aaos,TRUE,reported,7,1742691,0.00287589,-4.59218,4.4e-6,335576,Niarchou2020meat,TRUE,reported,br1TwL,2,TRUE,5e-6,TRUE
rs11772832,C,T,C,T,-0.0135343,-0.0285,0.398899,0.3957,FALSE,FALSE,FALSE,pPNXWV,7,135073047,0.0124,-2.29839,0.02096,40255,Huang2017aaos,TRUE,reported,7,135073047,0.00248076,-5.45571,4.9e-8,335576,Niarchou2020meat,TRUE,reported,br1TwL,2,TRUE,5e-6,TRUE
rs12052128,G,A,G,A,0.0119256,0.0102,0.657248,0.668,FALSE,FALSE,FALSE,pPNXWV,19,49270738,0.0351,0.290598,0.7709999999999999,40255,Huang2017aaos,TRUE,reported,19,49270738,0.00257377,4.63351,3.6000000000000003e-6,335576,Niarchou2020meat,TRUE,reported,br1TwL,2,TRUE,5e-6,TRUE
rs12103229,A,C,A,C,-0.0138449,-1e-4,0.54781,0.5423,FALSE,FALSE,FALSE,pPNXWV,16,74167594,0.0121,-0.008264462809917356,0.9915,40255,Huang2017aaos,TRUE,reported,16,74167594,0.00244789,-5.65585,1.6e-8,335576,Niarchou2020meat,TRUE,reported,br1TwL,2,TRUE,5e-6,TRUE
rs12140043,T,C,T,C,-0.0141497,-0.0628,0.222445,0.2399,FALSE,FALSE,FALSE,pPNXWV,1,97792868,0.0314,-2,0.0455,40255,Huang2017aaos,TRUE,reported,1,97792868,0.00297791,-4.75155,2e-6,335576,Niarchou2020meat,TRUE,reported,br1TwL,2,TRUE,5e-6,TRUE
rs12231943,G,T,G,T,0.0129102,-0.0034,0.416213,0.4224,FALSE,FALSE,FALSE,pPNXWV,12,60677979,0.0123,-0.276423,0.7794,40255,Huang2017aaos,TRUE,reported,12,60677979,0.00249319,5.17819,2.2e-7,335576,Niarchou2020meat,TRUE,reported,br1TwL,2,TRUE,5e-6,TRUE
rs12232804,T,C,T,C,0.022862,0.0048,0.112306,0.1109,FALSE,FALSE,FALSE,pPNXWV,19,42677807,0.0193,0.2487046632124352,0.8048,40255,Huang2017aaos,TRUE,reported,19,42677807,0.00385512,5.9303,3e-9,335576,Niarchou2020meat,TRUE,reported,br1TwL,2,TRUE,5e-6,TRUE
rs12435659,A,T,A,T,-0.0134978,-0.0201,0.283376,0.2733,FALSE,TRUE,FALSE,pPNXWV,14,29714942,0.0289,-0.6955017301038062,0.4874,40255,Huang2017aaos,TRUE,reported,14,29714942,0.00271497,-4.97162,6.6e-7,335576,Niarchou2020meat,TRUE,reported,br1TwL,2,TRUE,5e-6,TRUE
rs12805914,A,T,A,T,0.0117502,0.0158,0.470323,0.4669,FALSE,TRUE,TRUE,pPNXWV,11,115019739,0.0189,0.835978835978836,0.4042,40255,Huang2017aaos,TRUE,reported,11,115019739,0.00248544,4.72761,2.3e-6,335576,Niarchou2020meat,TRUE,reported,br1TwL,2,FALSE,5e-6,TRUE
rs12960540,G,T,G,T,0.0127038,0.0318,0.662572,0.6546,FALSE,FALSE,FALSE,pPNXWV,18,22948580,0.0281,1.13167,0.2583,40255,Huang2017aaos,TRUE,reported,18,22948580,0.00260306,4.88033,1.1e-6,335576,Niarchou2020meat,TRUE,reported,br1TwL,2,TRUE,5e-6,TRUE
rs12967878,C,T,C,T,-0.013696,-0.0285,0.22616,0.2232,FALSE,FALSE,FALSE,pPNXWV,18,57826570,0.0149,-1.91275,0.054939999999999996,40255,Huang2017aaos,TRUE,reported,18,57826570,0.00291337,-4.70108,2.6e-6,335576,Niarchou2020meat,TRUE,reported,br1TwL,2,TRUE,5e-6,TRUE
rs12974304,T,C,T,C,-0.0195859,8e-4,0.09036,0.0941,FALSE,FALSE,FALSE,pPNXWV,19,17716794,0.0467,0.017130620985010708,0.9865,40255,Huang2017aaos,TRUE,reported,19,17716794,0.00423592,-4.62377,3.8e-6,335576,Niarchou2020meat,TRUE,reported,br1TwL,2,TRUE,5e-6,TRUE
rs13007461,A,G,A,G,-0.0139031,-0.0089,0.313841,0.30620000000000003,FALSE,FALSE,FALSE,pPNXWV,2,217323058,0.0133,-0.6691729323308271,0.5048,40255,Huang2017aaos,TRUE,reported,2,217323058,0.0026401999999999997,-5.26593,1.4e-7,335576,Niarchou2020meat,TRUE,reported,br1TwL,2,TRUE,5e-6,TRUE
rs13197257,T,G,T,G,0.0125813,-0.0274,0.272489,0.2638,FALSE,FALSE,FALSE,pPNXWV,6,128333682,0.0155,-1.767741935483871,0.07787999999999999,40255,Huang2017aaos,TRUE,reported,6,128333682,0.00275318,4.56973,4.9000000000000005e-6,335576,Niarchou2020meat,TRUE,reported,br1TwL,2,TRUE,5e-6,TRUE
rs13340130,T,A,T,A,0.0146033,0.0197,0.346035,0.3401,FALSE,TRUE,FALSE,pPNXWV,3,81790970,0.0203,0.97044299999999994,0.3316,40255,Huang2017aaos,TRUE,reported,3,81790970,0.00255453,5.71663,1.1000000000000001e-8,335576,Niarchou2020meat,TRUE,reported,br1TwL,2,TRUE,5e-6,TRUE
rs136528,C,G,C,G,0.014924,-0.0093,0.38198,0.3789,FALSE,TRUE,FALSE,pPNXWV,22,27245262,0.0261,-0.3563218390804597,0.7217,40255,Huang2017aaos,TRUE,reported,22,27245262,0.00252151,5.91868,3.2e-9,335576,Niarchou2020meat,TRUE,reported,br1TwL,2,TRUE,5e-6,TRUE
rs139911,T,C,T,C,0.0141502,0.0102,0.576683,0.5678,FALSE,FALSE,FALSE,pPNXWV,22,40704052,0.0123,0.8292682926829269,0.409,40255,Huang2017aaos,TRUE,reported,22,40704052,0.00247127,5.72588,1e-8,335576,Niarchou2020meat,TRUE,reported,br1TwL,2,TRUE,5e-6,TRUE
rs147032165,A,G,A,G,0.0560696,0.2252,0.01068,0.0121,FALSE,FALSE,FALSE,pPNXWV,3,63958762,0.1474,1.5278154681139757,0.1266,40255,Huang2017aaos,TRUE,reported,3,63958762,0.0118872,4.7168,2.4e-6,335576,Niarchou2020meat,TRUE,reported,br1TwL,2,TRUE,5e-6,TRUE
rs1487482,T,G,T,G,-0.0118252,0.0135,0.347072,0.3332,FALSE,FALSE,FALSE,pPNXWV,1,188178475,0.0129,1.0465116279069768,0.295,40255,Huang2017aaos,TRUE,reported,1,188178475,0.00255163,-4.63437,3.6000000000000003e-6,335576,Niarchou2020meat,TRUE,reported,br1TwL,2,TRUE,5e-6,TRUE
rs151207360,C,G,C,G,0.04657,0.0548,0.015942,0.0259,FALSE,TRUE,FALSE,pPNXWV,5,82100984,0.1031,0.5315227934044617,0.5949,40255,Huang2017aaos,TRUE,reported,5,82100984,0.00972812,4.78715,1.7e-6,335576,Niarchou2020meat,TRUE,reported,br1TwL,2,TRUE,5e-6,TRUE
rs16931146,A,C,A,C,0.0405371,-0.1024,0.020727,0.012,FALSE,FALSE,FALSE,pPNXWV,8,65303456,0.0641,-1.5975039001560063,0.1099,40255,Huang2017aaos,TRUE,reported,8,65303456,0.00851768,4.75917,1.9e-6,335576,Niarchou2020meat,TRUE,reported,br1TwL,2,TRUE,5e-6,TRUE
rs17745484,T,C,T,C,-0.013882,-0.0153,0.32927,0.332,FALSE,FALSE,FALSE,pPNXWV,2,25551130,0.0131,-1.1679389312977098,0.2429,40255,Huang2017aaos,TRUE,reported,2,25551130,0.00260886,-5.3211,1e-7,335576,Niarchou2020meat,TRUE,reported,br1TwL,2,TRUE,5e-6,TRUE
rs187201256,A,G,A,G,-0.121859,-0.1289,0.002313,0.0225,FALSE,FALSE,FALSE,pPNXWV,5,157948509,0.0481,-2.67983367983368,0.0074010000000000005,40255,Huang2017aaos,TRUE,reported,5,157948509,0.0253897,-4.79954,1.6e-6,335576,Niarchou2020meat,TRUE,reported,br1TwL,2,TRUE,5e-6,TRUE
rs1912286,A,G,A,G,0.0158809,-0.0115,0.665374,0.6569,FALSE,FALSE,FALSE,pPNXWV,10,87318888,0.0129,-0.8914728682170543,0.3733,40255,Huang2017aaos,TRUE,reported,10,87318888,0.00257568,6.16571,7.000000000000001e-10,335576,Niarchou2020meat,TRUE,reported,br1TwL,2,TRUE,5e-6,TRUE
rs192996379,A,G,A,G,-0.0524696,-0.0614,0.011765,0.0198,FALSE,FALSE,FALSE,pPNXWV,4,15404777,0.136,-0.4514705882352941,0.6517,40255,Huang2017aaos,TRUE,reported,4,15404777,0.011271399999999999,-4.65511,3.2e-6,335576,Niarchou2020meat,TRUE,reported,br1TwL,2,TRUE,5e-6,TRUE
rs202667,A,G,A,G,0.0164975,0.0044,0.795837,0.7101,FALSE,FALSE,FALSE,pPNXWV,22,41815530,0.0313,0.14057507987220447,0.8879,40255,Huang2017aaos,TRUE,reported,22,41815530,0.00304564,5.41676,6.099999999999999e-8,335576,Niarchou2020meat,TRUE,reported,br1TwL,2,TRUE,5e-6,TRUE
rs2049760,G,A,G,A,0.0130682,0.0099,0.629917,0.6259,FALSE,FALSE,FALSE,pPNXWV,3,62482552,0.014,0.707143,0.4795,40255,Huang2017aaos,TRUE,reported,3,62482552,0.00253165,5.16193,2.4e-7,335576,Niarchou2020meat,TRUE,reported,br1TwL,2,TRUE,5e-6,TRUE
rs2078243,C,T,C,T,-0.0113949,-0.0073,0.462154,0.4553,FALSE,FALSE,FALSE,pPNXWV,10,112535077,0.0122,-0.598361,0.5489,40255,Huang2017aaos,TRUE,reported,10,112535077,0.00245747,-4.63684,3.5000000000000004e-6,335576,Niarchou2020meat,TRUE,reported,br1TwL,2,TRUE,5e-6,TRUE
rs2535526,T,C,T,C,-0.0126464,-0.0062,0.513095,0.5136,FALSE,FALSE,FALSE,pPNXWV,4,58176703,0.0124,-0.5,0.617,40255,Huang2017aaos,TRUE,reported,4,58176703,0.00243266,-5.19859,2e-7,335576,Niarchou2020meat,TRUE,reported,br1TwL,2,TRUE,5e-6,TRUE
rs2590230,A,G,A,G,-0.0157925,0.006,0.154023,0.1512,FALSE,FALSE,FALSE,pPNXWV,18,49799959,0.0193,0.31088082901554404,0.7569,40255,Huang2017aaos,TRUE,reported,18,49799959,0.00336191,-4.69748,2.6e-6,335576,Niarchou2020meat,TRUE,reported,br1TwL,2,TRUE,5e-6,TRUE
rs2717067,C,G,C,G,0.0116824,0.0025,0.394231,0.3961,FALSE,TRUE,FALSE,pPNXWV,2,58095252,0.0194,0.12886597938144329,0.8981,40255,Huang2017aaos,TRUE,reported,2,58095252,0.00249263,4.68678,2.8e-6,335576,Niarchou2020meat,TRUE,reported,br1TwL,2,TRUE,5e-6,TRUE
rs2815753,A,G,A,G,-0.0183605,-0.0202,0.601201,0.6132,FALSE,FALSE,FALSE,pPNXWV,1,72812324,0.0195,-1.0358974358974358,0.2992,40255,Huang2017aaos,TRUE,reported,1,72812324,0.0024773000000000004,-7.4115,1.2e-13,335576,Niarchou2020meat,TRUE,reported,br1TwL,2,TRUE,5e-6,TRUE
rs2952176,A,G,A,G,-0.0127129,0.0185,0.735164,0.7327,FALSE,FALSE,FALSE,pPNXWV,8,10143553,0.0137,1.3503649635036494,0.1775,40255,Huang2017aaos,TRUE,reported,8,10143553,0.00275365,-4.61675,3.9e-6,335576,Niarchou2020meat,TRUE,reported,br1TwL,2,TRUE,5e-6,TRUE
rs300046,G,A,G,A,0.0134073,0.035,0.453693,0.4529,FALSE,FALSE,FALSE,pPNXWV,5,37081705,0.0259,1.35135,0.1773,40255,Huang2017aaos,TRUE,reported,5,37081705,0.00245446,5.46242,4.7000000000000004e-8,335576,Niarchou2020meat,TRUE,reported,br1TwL,2,TRUE,5e-6,TRUE
rs35088688,A,C,A,C,0.0178118,-0.0093,0.128746,0.1261,FALSE,FALSE,FALSE,pPNXWV,1,190743168,0.0182,-0.510989010989011,0.6098,40255,Huang2017aaos,TRUE,reported,1,190743168,0.00363109,4.90536,9.3e-7,335576,Niarchou2020meat,TRUE,reported,br1TwL,2,TRUE,5e-6,TRUE
rs35297534,G,A,G,A,-0.0375179,0.0525,0.030581,0.0342,FALSE,FALSE,FALSE,pPNXWV,1,104153865,0.078,0.673077,0.5005,40255,Huang2017aaos,TRUE,reported,1,104153865,0.00705468,-5.31816,1e-7,335576,Niarchou2020meat,TRUE,reported,br1TwL,2,TRUE,5e-6,TRUE
rs35797675,G,T,G,T,-0.0199499,0.0064,0.212993,0.1955,FALSE,FALSE,FALSE,pPNXWV,7,72878044,0.0341,0.187683,0.8503,40255,Huang2017aaos,TRUE,reported,7,72878044,0.00300577,-6.6372,3.2e-11,335576,Niarchou2020meat,TRUE,reported,br1TwL,2,TRUE,5e-6,TRUE
rs35976355,C,T,C,T,-0.0139717,0.014,0.230148,0.245,FALSE,FALSE,FALSE,pPNXWV,11,8428657,0.014,1,0.3194,40255,Huang2017aaos,TRUE,reported,11,8428657,0.00288676,-4.83992,1.3e-6,335576,Niarchou2020meat,TRUE,reported,br1TwL,2,TRUE,5e-6,TRUE
rs36016753,A,G,A,G,0.0139536,-0.0039,0.405961,0.4059,FALSE,FALSE,FALSE,pPNXWV,1,187269477,0.0124,-0.31451612903225806,0.7506,40255,Huang2017aaos,TRUE,reported,1,187269477,0.00248123,5.62366,1.8999999999999998e-8,335576,Niarchou2020meat,TRUE,reported,br1TwL,2,TRUE,5e-6,TRUE
rs362726,C,T,C,T,-0.0115826,0.0124,0.382018,0.3836,FALSE,FALSE,FALSE,pPNXWV,7,103207234,0.0124,1,0.3182,40255,Huang2017aaos,TRUE,reported,7,103207234,0.00250863,-4.6171,3.9e-6,335576,Niarchou2020meat,TRUE,reported,br1TwL,2,TRUE,5e-6,TRUE
rs3759584,C,T,C,T,-0.0122339,-0.0302,0.360836,0.3703,FALSE,FALSE,FALSE,pPNXWV,14,103990799,0.0142,-2.12676,0.033510000000000005,40255,Huang2017aaos,TRUE,reported,14,103990799,0.0025567,-4.78504,1.7e-6,335576,Niarchou2020meat,TRUE,reported,br1TwL,2,TRUE,5e-6,TRUE
rs3909727,G,A,G,A,0.0185228,0.0096,0.835788,0.8393,FALSE,FALSE,FALSE,pPNXWV,11,126587382,0.0167,0.57485,0.5671,40255,Huang2017aaos,TRUE,reported,11,126587382,0.00328005,5.64711,1.6e-8,335576,Niarchou2020meat,TRUE,reported,br1TwL,2,TRUE,5e-6,TRUE
rs4272399,A,C,A,C,-0.0131006,0.0117,0.319853,0.3166,FALSE,FALSE,FALSE,pPNXWV,8,4836291,0.0134,0.8731343283582089,0.3813,40255,Huang2017aaos,TRUE,reported,8,4836291,0.00262922,-4.98269,6.3e-7,335576,Niarchou2020meat,TRUE,reported,br1TwL,2,TRUE,5e-6,TRUE
rs429343,G,A,G,A,-0.0118523,-4e-4,0.577803,0.5886,FALSE,FALSE,FALSE,pPNXWV,2,147903382,0.0193,-0.0207254,0.9854,40255,Huang2017aaos,TRUE,reported,2,147903382,0.00246557,-4.80712,1.5e-6,335576,Niarchou2020meat,TRUE,reported,br1TwL,2,TRUE,5e-6,TRUE
rs429358,C,T,C,T,-0.0242948,0.7754,0.155607,0.1969,FALSE,FALSE,FALSE,pPNXWV,19,45411941,0.0318,24.3836,4.319999999999999e-131,40255,Huang2017aaos,TRUE,reported,19,45411941,0.00335552,-7.24025,4.5000000000000005e-13,335576,Niarchou2020meat,TRUE,reported,br1TwL,2,TRUE,5e-6,FALSE
rs4741805,C,T,C,T,0.0217007,-0.0032,0.906848,0.9136,FALSE,FALSE,FALSE,pPNXWV,9,3076234,0.0218,-0.146789,0.8838,40255,Huang2017aaos,TRUE,reported,9,3076234,0.00418791,5.18175,2.2e-7,335576,Niarchou2020meat,TRUE,reported,br1TwL,2,TRUE,5e-6,TRUE
rs4759074,T,C,T,C,0.0147949,-0.0212,0.410809,0.3971,FALSE,FALSE,FALSE,pPNXWV,12,54664097,0.0125,-1.696,0.08905,40255,Huang2017aaos,TRUE,reported,12,54664097,0.00246406,6.00428,1.9e-9,335576,Niarchou2020meat,TRUE,reported,br1TwL,2,TRUE,5e-6,TRUE
rs4809319,G,A,G,A,0.0156936,-0.0455,0.76967,0.7295,FALSE,FALSE,FALSE,pPNXWV,20,62277922,0.0321,-1.41745,0.1565,40255,Huang2017aaos,TRUE,reported,20,62277922,0.00290163,5.40855,6.4e-8,335576,Niarchou2020meat,TRUE,reported,br1TwL,2,TRUE,5e-6,TRUE
rs506589,C,T,C,T,-0.0164985,-0.0041,0.206119,0.183,FALSE,FALSE,FALSE,pPNXWV,1,177894287,0.0159,-0.257862,0.7969,40255,Huang2017aaos,TRUE,reported,1,177894287,0.00300566,-5.48914,4e-8,335576,Niarchou2020meat,TRUE,reported,br1TwL,2,TRUE,5e-6,TRUE
rs524424,A,G,A,G,0.0124695,-0.0124,0.542884,0.5457,FALSE,FALSE,FALSE,pPNXWV,4,149738493,0.027,-0.45925925925925926,0.6447,40255,Huang2017aaos,TRUE,reported,4,149738493,0.00247639,5.03535,4.8e-7,335576,Niarchou2020meat,TRUE,reported,br1TwL,2,TRUE,5e-6,TRUE
rs55859016,T,C,T,C,-0.0181059,0.072,0.144707,0.1474,FALSE,FALSE,FALSE,pPNXWV,17,79046358,0.0383,1.8798955613577022,0.06017,40255,Huang2017aaos,TRUE,reported,17,79046358,0.00348357,-5.19751,2e-7,335576,Niarchou2020meat,TRUE,reported,br1TwL,2,TRUE,5e-6,TRUE
rs6079587,C,A,C,A,0.0147128,-0.0049,0.218753,0.2216,FALSE,FALSE,FALSE,pPNXWV,20,14847907,0.0163,-0.300613,0.7616,40255,Huang2017aaos,TRUE,reported,20,14847907,0.00294315,4.999,5.8e-7,335576,Niarchou2020meat,TRUE,reported,br1TwL,2,TRUE,5e-6,TRUE
rs61418433,A,G,A,G,0.020958,0.0326,0.101786,0.1106,FALSE,FALSE,FALSE,pPNXWV,10,126313310,0.0433,0.7528868360277136,0.4519,40255,Huang2017aaos,TRUE,reported,10,126313310,0.0040379,5.19032,2.1e-7,335576,Niarchou2020meat,TRUE,reported,br1TwL,2,TRUE,5e-6,TRUE
rs61790634,A,G,A,G,-0.0185038,-0.0021,0.111564,0.1154,FALSE,FALSE,FALSE,pPNXWV,1,45440095,0.0452,-0.046460176991150445,0.9633,40255,Huang2017aaos,TRUE,reported,1,45440095,0.00390967,-4.73283,2.2e-6,335576,Niarchou2020meat,TRUE,reported,br1TwL,2,TRUE,5e-6,TRUE
rs62106258,C,T,C,T,0.0362759,0.0695,0.048512,0.0496,FALSE,FALSE,FALSE,pPNXWV,2,417167,0.0803,0.865504,0.387,40255,Huang2017aaos,TRUE,reported,2,417167,0.00564869,6.422,1.3000000000000002e-10,335576,Niarchou2020meat,TRUE,reported,br1TwL,2,TRUE,5e-6,TRUE
rs62140569,T,G,T,G,-0.0232406,-0.0336,0.081223,0.0689,FALSE,FALSE,FALSE,pPNXWV,2,59069710,0.0244,-1.3770491803278686,0.1684,40255,Huang2017aaos,TRUE,reported,2,59069710,0.00444779,-5.2252,1.7e-7,335576,Niarchou2020meat,TRUE,reported,br1TwL,2,TRUE,5e-6,TRUE
rs62265663,G,T,G,T,0.0176581,-0.0051,0.143155,0.1796,FALSE,FALSE,FALSE,pPNXWV,3,124774432,0.0355,-0.143662,0.8868,40255,Huang2017aaos,TRUE,reported,3,124774432,0.00349931,5.04617,4.5e-7,335576,Niarchou2020meat,TRUE,reported,br1TwL,2,TRUE,5e-6,TRUE
rs644853,G,T,G,T,0.0127317,-0.0042,0.396203,0.3857,FALSE,FALSE,FALSE,pPNXWV,1,155706217,0.0284,-0.147887,0.8813,40255,Huang2017aaos,TRUE,reported,1,155706217,0.00253028,5.03174,4.9e-7,335576,Niarchou2020meat,TRUE,reported,br1TwL,2,TRUE,5e-6,TRUE
rs6478868,C,T,C,T,-0.0171298,0.0189,0.315903,0.2984,FALSE,FALSE,FALSE,pPNXWV,9,131929957,0.0149,1.2684563758389262,0.2031,40255,Huang2017aaos,TRUE,reported,9,131927092,0.0026204,-6.53709,6.3e-11,335576,Niarchou2020meat,TRUE,reported,br1TwL,2,TRUE,5e-6,TRUE
rs6727013,A,C,A,C,0.0142981,-0.009,0.291594,0.3072,FALSE,FALSE,FALSE,pPNXWV,2,65558375,0.0131,-0.6870229007633587,0.4938,40255,Huang2017aaos,TRUE,reported,2,65558375,0.00269562,5.3042,1.1e-7,335576,Niarchou2020meat,TRUE,reported,br1TwL,2,TRUE,5e-6,TRUE
rs685149,G,A,G,A,0.0120445,-0.0135,0.64654,0.665,FALSE,FALSE,FALSE,pPNXWV,11,57657413,0.0274,-0.492701,0.622,40255,Huang2017aaos,TRUE,reported,11,57657413,0.00255021,4.72294,2.3e-6,335576,Niarchou2020meat,TRUE,reported,br1TwL,2,TRUE,5e-6,TRUE
rs6987853,C,T,C,T,-0.0122202,0.0298,0.618534,0.6241,FALSE,FALSE,FALSE,pPNXWV,8,42457450,0.014,2.12857,0.032780000000000004,40255,Huang2017aaos,TRUE,reported,8,42457450,0.00251379,-4.86127,1.2e-6,335576,Niarchou2020meat,TRUE,reported,br1TwL,2,TRUE,5e-6,TRUE
rs701760,G,C,G,C,-0.0134451,-0.0065,0.483589,0.4829,FALSE,TRUE,TRUE,pPNXWV,4,113439212,0.0192,-0.338542,0.7340000000000001,40255,Huang2017aaos,TRUE,reported,4,113439212,0.00243618,-5.51893,3.4e-8,335576,Niarchou2020meat,TRUE,reported,br1TwL,2,FALSE,5e-6,TRUE
rs7178495,C,T,C,T,0.0120065,0.0271,0.452823,0.4419,FALSE,FALSE,FALSE,pPNXWV,15,93380293,0.0308,0.87987,0.38,40255,Huang2017aaos,TRUE,reported,15,93380293,0.00248233,4.83679,1.3e-6,335576,Niarchou2020meat,TRUE,reported,br1TwL,2,TRUE,5e-6,TRUE
rs72698768,G,A,G,A,-0.0146324,-0.0253,0.180044,0.1769,FALSE,FALSE,FALSE,pPNXWV,14,101304875,0.0375,-0.674667,0.5,40255,Huang2017aaos,TRUE,reported,14,101304875,0.0031698300000000002,-4.61615,3.9e-6,335576,Niarchou2020meat,TRUE,reported,br1TwL,2,TRUE,5e-6,TRUE
rs72799815,G,T,G,T,-0.0149242,-8e-4,0.171446,0.1901,FALSE,FALSE,FALSE,pPNXWV,16,71644807,0.0156,-0.0512821,0.9571,40255,Huang2017aaos,TRUE,reported,16,71644807,0.00322974,-4.62087,3.8e-6,335576,Niarchou2020meat,TRUE,reported,br1TwL,2,TRUE,5e-6,TRUE
rs7334927,T,C,T,C,-0.0121822,0.0277,0.582848,0.5929,FALSE,FALSE,FALSE,pPNXWV,13,89188226,0.0124,2.2338709677419355,0.02539,40255,Huang2017aaos,TRUE,reported,13,89188226,0.00246778,-4.9365,8e-7,335576,Niarchou2020meat,TRUE,reported,br1TwL,2,TRUE,5e-6,TRUE
rs74944957,A,G,A,G,0.0259577,-0.0085,0.052056,0.0516,FALSE,FALSE,FALSE,pPNXWV,1,66976369,0.028,-0.3035714285714286,0.7624,40255,Huang2017aaos,TRUE,reported,1,66976369,0.00548025,4.73659,2.2e-6,335576,Niarchou2020meat,TRUE,reported,br1TwL,2,TRUE,5e-6,TRUE
rs7625172,A,G,A,G,0.0115481,0.0114,0.51321,0.5243,FALSE,FALSE,FALSE,pPNXWV,3,25245752,0.0138,0.8260869565217391,0.4087,40255,Huang2017aaos,TRUE,reported,3,25245752,0.00245352,4.70675,2.5e-6,335576,Niarchou2020meat,TRUE,reported,br1TwL,2,TRUE,5e-6,TRUE
rs7644667,C,T,C,T,0.0142657,-0.0087,0.54756,0.5285,FALSE,FALSE,FALSE,pPNXWV,3,69040601,0.0136,-0.639706,0.5212,40255,Huang2017aaos,TRUE,reported,3,69040601,0.0024381,5.85115,4.9e-9,335576,Niarchou2020meat,TRUE,reported,br1TwL,2,TRUE,5e-6,TRUE
rs76489948,T,G,T,G,0.0233394,0.0049,0.060891,0.06,FALSE,FALSE,FALSE,pPNXWV,2,236032249,0.0292,0.1678082191780822,0.867,40255,Huang2017aaos,TRUE,reported,2,236032249,0.00508904,4.58621,4.5e-6,335576,Niarchou2020meat,TRUE,reported,br1TwL,2,TRUE,5e-6,TRUE
rs7683088,G,T,G,T,-0.0129851,0.0049,0.24908,0.2504,FALSE,FALSE,FALSE,pPNXWV,4,103114064,0.014,0.35,0.726,40255,Huang2017aaos,TRUE,reported,4,103114064,0.00280762,-4.62495,3.7000000000000006e-6,335576,Niarchou2020meat,TRUE,reported,br1TwL,2,TRUE,5e-6,TRUE
rs7690778,G,A,G,A,-0.0116202,-0.0283,0.589419,0.5785,FALSE,FALSE,FALSE,pPNXWV,4,149006909,0.0123,-2.30081,0.021169999999999998,40255,Huang2017aaos,TRUE,reported,4,149006909,0.00250536,-4.63814,3.5000000000000004e-6,335576,Niarchou2020meat,TRUE,reported,br1TwL,2,TRUE,5e-6,TRUE
rs7710470,T,C,T,C,0.0127674,-0.0179,0.642043,0.6317,FALSE,FALSE,FALSE,pPNXWV,5,164495078,0.0128,-1.3984374999999998,0.1633,40255,Huang2017aaos,TRUE,reported,5,164495078,0.00253623,5.03401,4.8e-7,335576,Niarchou2020meat,TRUE,reported,br1TwL,2,TRUE,5e-6,TRUE
rs77534875,G,C,G,C,-0.0446073,0.0246,0.019995,0.0207,FALSE,TRUE,FALSE,pPNXWV,4,28634740,0.1019,0.241413,0.8094,40255,Huang2017aaos,TRUE,reported,4,28634740,0.00868869,-5.13395,2.8e-7,335576,Niarchou2020meat,TRUE,reported,br1TwL,2,TRUE,5e-6,TRUE
rs779493,T,C,T,C,-0.0132733,0.0064,0.687705,0.7043,FALSE,FALSE,FALSE,pPNXWV,6,69884855,0.0135,0.4740740740740741,0.6353,40255,Huang2017aaos,TRUE,reported,6,69884855,0.00263008,-5.04673,4.5e-7,335576,Niarchou2020meat,TRUE,reported,br1TwL,2,TRUE,5e-6,TRUE
rs7834318,A,C,A,C,-0.0128558,-0.03,0.272477,0.2762,FALSE,FALSE,FALSE,pPNXWV,8,144637257,0.0293,-1.023890784982935,0.3048,40255,Huang2017aaos,TRUE,reported,8,144637257,0.00275253,-4.67054,3e-6,335576,Niarchou2020meat,TRUE,reported,br1TwL,2,TRUE,5e-6,TRUE
rs7944588,C,T,C,T,-0.0111745,-0.0072,0.499252,0.4977,FALSE,FALSE,FALSE,pPNXWV,11,28528440,0.0122,-0.590164,0.5542,40255,Huang2017aaos,TRUE,reported,11,28528440,0.00244509,-4.57018,4.9000000000000005e-6,335576,Niarchou2020meat,TRUE,reported,br1TwL,2,TRUE,5e-6,TRUE
rs7945323,A,G,A,G,-0.0231751,0.0827,0.928871,0.8778,FALSE,FALSE,FALSE,pPNXWV,11,63598419,0.0483,1.712215320910973,0.08682000000000001,40255,Huang2017aaos,TRUE,reported,11,63598419,0.00474317,-4.88599,1e-6,335576,Niarchou2020meat,TRUE,reported,br1TwL,2,TRUE,5e-6,TRUE
rs79564737,A,G,A,G,-0.0151755,-0.0178,0.306786,0.3036,FALSE,FALSE,FALSE,pPNXWV,20,43408372,0.0147,-1.2108843537414966,0.2282,40255,Huang2017aaos,TRUE,reported,20,43408372,0.00264239,-5.7431,9.3e-9,335576,Niarchou2020meat,TRUE,reported,br1TwL,2,TRUE,5e-6,TRUE
rs7966446,T,C,T,C,-0.0131209,-0.0039,0.389798,0.3759,FALSE,FALSE,FALSE,pPNXWV,12,121341762,0.0293,-0.13310580204778155,0.8949,40255,Huang2017aaos,TRUE,reported,12,121341762,0.00251666,-5.21362,1.9e-7,335576,Niarchou2020meat,TRUE,reported,br1TwL,2,TRUE,5e-6,TRUE
rs806794,G,A,G,A,-0.0197927,-0.0024,0.270603,0.2876,FALSE,FALSE,FALSE,pPNXWV,6,26200677,0.0209,-0.114833,0.9071,40255,Huang2017aaos,TRUE,reported,6,26200677,0.00273532,-7.23597,4.6e-13,335576,Niarchou2020meat,TRUE,reported,br1TwL,2,TRUE,5e-6,TRUE
rs943395,A,G,A,G,0.0116547,-0.0038,0.481375,0.5032,FALSE,FALSE,FALSE,pPNXWV,9,22332998,0.0137,-0.2773722627737226,0.7785,40255,Huang2017aaos,TRUE,reported,9,22332998,0.00246032,4.73707,2.2e-6,335576,Niarchou2020meat,TRUE,reported,br1TwL,2,TRUE,5e-6,TRUE
rs9862984,C,G,C,G,-0.0114922,-0.0014,0.465525,0.4688,FALSE,TRUE,TRUE,pPNXWV,3,23197425,0.0188,-0.07446808510638298,0.941,40255,Huang2017aaos,TRUE,reported,3,23197425,0.00243583,-4.71798,2.4e-6,335576,Niarchou2020meat,TRUE,reported,br1TwL,2,FALSE,5e-6,TRUE
rs9908256,C,T,C,T,0.0115016,-0.0244,0.54675,0.5431,FALSE,FALSE,FALSE,pPNXWV,17,43051345,0.0192,-1.27083,0.2029,40255,Huang2017aaos,TRUE,reported,17,43051345,0.00248294,4.63225,3.6000000000000003e-6,335576,Niarchou2020meat,TRUE,reported,br1TwL,2,TRUE,5e-6,TRUE
rs9910942,G,A,G,A,0.01131,-0.0169,0.412628,0.402,FALSE,FALSE,FALSE,pPNXWV,17,60804670,0.0263,-0.642586,0.5204,40255,Huang2017aaos,TRUE,reported,17,60804670,0.00247602,4.56781,4.9000000000000005e-6,335576,Niarchou2020meat,TRUE,reported,br1TwL,2,TRUE,5e-6,TRUE
